#t MKKK MKKK_P MKK MKK_P MKK_PP MAPK MAPK_P MAPK_PP 
##CONCENTRATIONS
0 90 10 280 10 10 280 10 10 
0.1 89.9073 10.0927 280.006 10.0138 9.98007 279.996 10.0137 9.99 
0.2 89.8146 10.1854 280.012 10.0276 9.96027 279.993 10.0273 9.98 
0.3 89.722 10.278 280.018 10.0414 9.94062 279.989 10.0409 9.97 
0.4 89.6293 10.3707 280.024 10.0554 9.9211 279.986 10.0544 9.96 
0.5 89.5367 10.4633 280.029 10.0694 9.90171 279.982 10.0678 9.95 
0.6 89.4441 10.5559 280.034 10.0834 9.88246 279.979 10.0812 9.94001 
0.7 89.3514 10.6486 280.039 10.0975 9.86335 279.975 10.0945 9.93001 
0.8 89.2588 10.7412 280.044 10.1117 9.84438 279.972 10.1078 9.92001 
0.9 89.1662 10.8338 280.049 10.1259 9.82554 279.969 10.121 9.91002 
1 89.0736 10.9264 280.053 10.1402 9.80684 279.966 10.1341 9.90002 
1.1 88.981 11.019 280.057 10.1545 9.78828 279.963 10.1472 9.89003 
1.2 88.8884 11.1116 280.061 10.1689 9.76985 279.96 10.1602 9.88004 
1.3 88.7958 11.2042 280.065 10.1834 9.75156 279.957 10.1732 9.87005 
1.4 88.7033 11.2967 280.069 10.1979 9.73341 279.954 10.1861 9.86005 
1.5 88.6107 11.3893 280.072 10.2125 9.71539 279.951 10.1989 9.85007 
1.6 88.5181 11.4819 280.075 10.2271 9.69751 279.948 10.2117 9.84008 
1.7 88.4255 11.5745 280.078 10.2418 9.67977 279.946 10.2244 9.83009 
1.8 88.333 11.667 280.081 10.2565 9.66216 279.943 10.2371 9.82011 
1.9 88.2404 11.7596 280.084 10.2713 9.64469 279.94 10.2497 9.81012 
2 88.1478 11.8522 280.087 10.2861 9.62736 279.938 10.2622 9.80014 
2.1 88.0553 11.9447 280.089 10.301 9.61016 279.935 10.2747 9.79016 
2.2 87.9627 12.0373 280.091 10.316 9.5931 279.933 10.2871 9.78018 
2.3 87.8702 12.1298 280.093 10.331 9.57617 279.93 10.2995 9.77021 
2.4 87.7776 12.2224 280.094 10.3461 9.55939 279.928 10.3118 9.76023 
2.5 87.6851 12.3149 280.096 10.3613 9.54273 279.926 10.3241 9.75026 
2.6 87.5925 12.4075 280.097 10.3764 9.52622 279.923 10.3363 9.74029 
2.7 87.4999 12.5001 280.098 10.3917 9.50984 279.921 10.3484 9.73032 
2.8 87.4074 12.5926 280.099 10.407 9.4936 279.919 10.3605 9.72035 
2.9 87.3148 12.6852 280.1 10.4224 9.47749 279.917 10.3725 9.71039 
3 87.2222 12.7778 280.101 10.4378 9.46152 279.915 10.3845 9.70043 
3.1 87.1297 12.8703 280.101 10.4533 9.44569 279.913 10.3965 9.69047 
3.2 87.0371 12.9629 280.101 10.4688 9.42999 279.911 10.4083 9.68052 
3.3 86.9445 13.0555 280.101 10.4844 9.41443 279.909 10.4201 9.67056 
3.4 86.8519 13.1481 280.101 10.5 9.399 279.907 10.4319 9.66061 
3.5 86.7594 13.2406 280.101 10.5157 9.38371 279.906 10.4436 9.65067 
3.6 86.6668 13.3332 280.1 10.5315 9.36856 279.904 10.4553 9.64072 
3.7 86.5742 13.4258 280.099 10.5473 9.35355 279.902 10.4669 9.63078 
3.8 86.4816 13.5184 280.098 10.5632 9.33867 279.901 10.4785 9.62084 
3.9 86.389 13.611 280.097 10.5791 9.32392 279.899 10.49 9.61091 
4 86.2964 13.7036 280.096 10.5951 9.30931 279.898 10.5014 9.60098 
4.1 86.2037 13.7963 280.094 10.6111 9.29484 279.896 10.5128 9.59105 
4.2 86.1111 13.8889 280.092 10.6272 9.28051 279.895 10.5242 9.58113 
4.3 86.0185 13.9815 280.09 10.6434 9.26631 279.893 10.5355 9.5712 
4.4 85.9258 14.0742 280.088 10.6596 9.25224 279.892 10.5467 9.56129 
4.5 85.8332 14.1668 280.086 10.6758 9.23832 279.891 10.5579 9.55137 
4.6 85.7405 14.2595 280.083 10.6922 9.22452 279.889 10.5691 9.54147 
4.7 85.6479 14.3521 280.081 10.7085 9.21087 279.888 10.5802 9.53156 
4.8 85.5552 14.4448 280.078 10.725 9.19735 279.887 10.5912 9.52166 
4.9 85.4625 14.5375 280.075 10.7415 9.18396 279.886 10.6023 9.51176 
5 85.3698 14.6302 280.071 10.758 9.17072 279.885 10.6132 9.50187 
5.1 85.2771 14.7229 280.068 10.7746 9.1576 279.884 10.6241 9.49198 
5.2 85.1844 14.8156 280.064 10.7913 9.14463 279.883 10.635 9.4821 
5.3 85.0917 14.9083 280.06 10.808 9.13179 279.882 10.6458 9.47222 
5.4 84.999 15.001 280.056 10.8247 9.11908 279.881 10.6566 9.46235 
5.5 84.9062 15.0938 280.052 10.8416 9.10651 279.88 10.6673 9.45248 
5.6 84.8135 15.1865 280.047 10.8584 9.09408 279.879 10.6779 9.44261 
5.7 84.7207 15.2793 280.043 10.8754 9.08178 279.879 10.6886 9.43276 
5.8 84.6279 15.3721 280.038 10.8924 9.06962 279.878 10.6991 9.4229 
5.9 84.5351 15.4649 280.033 10.9094 9.0576 279.877 10.7097 9.41305 
6 84.4423 15.5577 280.028 10.9265 9.0457 279.877 10.7202 9.40321 
6.1 84.3495 15.6505 280.022 10.9437 9.03395 279.876 10.7306 9.39337 
6.2 84.2567 15.7433 280.017 10.9609 9.02233 279.875 10.741 9.38354 
6.3 84.1639 15.8361 280.011 10.9782 9.01085 279.875 10.7514 9.37371 
6.4 84.071 15.929 280.005 10.9955 8.9995 279.874 10.7617 9.36389 
6.5 83.9782 16.0218 279.999 11.0129 8.98829 279.874 10.7719 9.35408 
6.6 83.8853 16.1147 279.992 11.0303 8.97721 279.874 10.7821 9.34427 
6.7 83.7924 16.2076 279.986 11.0478 8.96627 279.873 10.7923 9.33446 
6.8 83.6995 16.3005 279.979 11.0654 8.95546 279.873 10.8025 9.32467 
6.9 83.6066 16.3934 279.972 11.083 8.94479 279.873 10.8125 9.31488 
7 83.5136 16.4864 279.965 11.1006 8.93426 279.872 10.8226 9.30509 
7.1 83.4207 16.5793 279.958 11.1183 8.92386 279.872 10.8326 9.29531 
7.2 83.3277 16.6723 279.95 11.1361 8.9136 279.872 10.8426 9.28554 
7.3 83.2347 16.7653 279.943 11.1539 8.90347 279.872 10.8525 9.27578 
7.4 83.1418 16.8582 279.935 11.1718 8.89347 279.872 10.8624 9.26602 
7.5 83.0487 16.9513 279.927 11.1898 8.88362 279.872 10.8722 9.25627 
7.6 82.9557 17.0443 279.918 11.2078 8.87389 279.871 10.882 9.24653 
7.7 82.8627 17.1373 279.91 11.2258 8.86431 279.871 10.8917 9.23679 
7.8 82.7696 17.2304 279.901 11.2439 8.85485 279.871 10.9015 9.22706 
7.9 82.6766 17.3234 279.892 11.2621 8.84554 279.872 10.9111 9.21734 
8 82.5835 17.4165 279.883 11.2803 8.83636 279.872 10.9208 9.20762 
8.1 82.4904 17.5096 279.874 11.2986 8.82731 279.872 10.9303 9.19792 
8.2 82.3972 17.6028 279.865 11.3169 8.8184 279.872 10.9399 9.18822 
8.3 82.3041 17.6959 279.855 11.3353 8.80962 279.872 10.9494 9.17852 
8.4 82.2109 17.7891 279.845 11.3538 8.80098 279.872 10.9589 9.16884 
8.5 82.1178 17.8822 279.835 11.3723 8.79248 279.873 10.9683 9.15917 
8.6 82.0246 17.9754 279.825 11.3908 8.78411 279.873 10.9777 9.1495 
8.7 81.9314 18.0686 279.815 11.4094 8.77587 279.873 10.9871 9.13984 
8.8 81.8382 18.1618 279.804 11.4281 8.76777 279.873 10.9964 9.13019 
8.9 81.7449 18.2551 279.793 11.4468 8.7598 279.874 11.0057 9.12054 
9 81.6517 18.3483 279.782 11.4656 8.75197 279.874 11.0149 9.11091 
9.1 81.5584 18.4416 279.771 11.4844 8.74428 279.875 11.0241 9.10129 
9.2 81.4651 18.5349 279.76 11.5033 8.73672 279.875 11.0333 9.09167 
9.3 81.3718 18.6282 279.748 11.5223 8.72929 279.875 11.0424 9.08206 
9.4 81.2784 18.7216 279.737 11.5413 8.722 279.876 11.0515 9.07246 
9.5 81.1851 18.8149 279.725 11.5603 8.71484 279.877 11.0606 9.06287 
9.6 81.0917 18.9083 279.713 11.5794 8.70782 279.877 11.0696 9.05329 
9.7 80.9983 19.0017 279.7 11.5986 8.70094 279.878 11.0786 9.04372 
9.8 80.9049 19.0951 279.688 11.6178 8.69419 279.878 11.0876 9.03416 
9.9 80.8115 19.1885 279.675 11.6371 8.68757 279.879 11.0965 9.02461 
10 80.718 19.282 279.662 11.6565 8.68109 279.88 11.1054 9.01507 
10.1 80.6245 19.3755 279.649 11.6759 8.67474 279.88 11.1142 9.00554 
10.2 80.5311 19.4689 279.636 11.6953 8.66853 279.881 11.123 8.99601 
10.3 80.4376 19.5624 279.623 11.7148 8.66245 279.882 11.1318 8.9865 
10.4 80.344 19.656 279.609 11.7344 8.65651 279.882 11.1406 8.977 
10.5 80.2505 19.7495 279.595 11.754 8.6507 279.883 11.1493 8.96751 
10.6 80.1569 19.8431 279.581 11.7737 8.64503 279.884 11.1579 8.95803 
10.7 80.0633 19.9367 279.567 11.7934 8.63949 279.885 11.1666 8.94855 
10.8 79.9697 20.0303 279.553 11.8132 8.63408 279.886 11.1752 8.93909 
10.9 79.8761 20.1239 279.538 11.8331 8.62881 279.887 11.1838 8.92964 
11 79.7824 20.2176 279.523 11.853 8.62368 279.887 11.1923 8.92021 
11.1 79.6888 20.3112 279.508 11.8729 8.61868 279.888 11.2008 8.91078 
11.2 79.5951 20.4049 279.493 11.893 8.61381 279.889 11.2093 8.90136 
11.3 79.5014 20.4986 279.478 11.913 8.60908 279.89 11.2178 8.89196 
11.4 79.4076 20.5924 279.462 11.9332 8.60448 279.891 11.2262 8.88256 
11.5 79.3139 20.6861 279.447 11.9533 8.60002 279.892 11.2346 8.87318 
11.6 79.2201 20.7799 279.431 11.9736 8.59569 279.893 11.2429 8.86381 
11.7 79.1263 20.8737 279.415 11.9939 8.5915 279.894 11.2513 8.85445 
11.8 79.0325 20.9675 279.398 12.0142 8.58744 279.895 11.2596 8.8451 
11.9 78.9386 21.0614 279.382 12.0347 8.58351 279.896 11.2678 8.83577 
12 78.8448 21.1552 279.365 12.0551 8.57972 279.898 11.276 8.82644 
12.1 78.7509 21.2491 279.348 12.0757 8.57606 279.899 11.2843 8.81713 
12.2 78.657 21.343 279.331 12.0962 8.57254 279.9 11.2924 8.80783 
12.3 78.5631 21.4369 279.314 12.1169 8.56915 279.901 11.3006 8.79854 
12.4 78.4691 21.5309 279.297 12.1376 8.5659 279.902 11.3087 8.78927 
12.5 78.3752 21.6248 279.279 12.1583 8.56278 279.903 11.3168 8.78001 
12.6 78.2812 21.7188 279.261 12.1791 8.55979 279.904 11.3248 8.77076 
12.7 78.1872 21.8128 279.243 12.2 8.55694 279.906 11.3329 8.76152 
12.8 78.0931 21.9069 279.225 12.2209 8.55422 279.907 11.3409 8.7523 
12.9 77.9991 22.0009 279.206 12.2419 8.55164 279.908 11.3488 8.74309 
13 77.905 22.095 279.188 12.263 8.54919 279.909 11.3568 8.73389 
13.1 77.8109 22.1891 279.169 12.2841 8.54688 279.911 11.3647 8.72471 
13.2 77.7168 22.2832 279.15 12.3052 8.5447 279.912 11.3726 8.71554 
13.3 77.6226 22.3774 279.131 12.3264 8.54265 279.913 11.3805 8.70638 
13.4 77.5285 22.4715 279.112 12.3477 8.54074 279.914 11.3883 8.69724 
13.5 77.4343 22.5657 279.092 12.369 8.53896 279.916 11.3961 8.68811 
13.6 77.3401 22.6599 279.072 12.3904 8.53732 279.917 11.4039 8.67899 
13.7 77.2458 22.7542 279.052 12.4118 8.53581 279.918 11.4116 8.66989 
13.8 77.1516 22.8484 279.032 12.4333 8.53443 279.92 11.4194 8.66081 
13.9 77.0573 22.9427 279.012 12.4549 8.53319 279.921 11.4271 8.65173 
14 76.963 23.037 278.991 12.4765 8.53208 279.923 11.4348 8.64268 
14.1 76.8687 23.1313 278.971 12.4982 8.5311 279.924 11.4424 8.63363 
14.2 76.7743 23.2257 278.95 12.5199 8.53026 279.925 11.45 8.6246 
14.3 76.68 23.32 278.929 12.5417 8.52956 279.927 11.4577 8.61559 
14.4 76.5856 23.4144 278.908 12.5635 8.52898 279.928 11.4652 8.60659 
14.5 76.4912 23.5088 278.886 12.5854 8.52855 279.93 11.4728 8.59761 
14.6 76.3967 23.6033 278.864 12.6074 8.52824 279.931 11.4803 8.58864 
14.7 76.3023 23.6977 278.843 12.6294 8.52807 279.932 11.4878 8.57968 
14.8 76.2078 23.7922 278.821 12.6514 8.52803 279.934 11.4953 8.57074 
14.9 76.1133 23.8867 278.798 12.6736 8.52813 279.935 11.5028 8.56182 
15 76.0188 23.9812 278.776 12.6958 8.52836 279.937 11.5102 8.55291 
15.1 75.9242 24.0758 278.753 12.718 8.52872 279.938 11.5176 8.54402 
15.2 75.8297 24.1703 278.73 12.7403 8.52922 279.94 11.525 8.53514 
15.3 75.7351 24.2649 278.707 12.7627 8.52985 279.941 11.5324 8.52628 
15.4 75.6405 24.3595 278.684 12.7851 8.53062 279.943 11.5397 8.51744 
15.5 75.5458 24.4542 278.661 12.8076 8.53152 279.944 11.5471 8.50861 
15.6 75.4512 24.5488 278.637 12.8301 8.53255 279.946 11.5544 8.4998 
15.7 75.3565 24.6435 278.614 12.8527 8.53372 279.947 11.5617 8.49101 
15.8 75.2618 24.7382 278.59 12.8753 8.53502 279.949 11.5689 8.48223 
15.9 75.167 24.833 278.566 12.898 8.53645 279.95 11.5762 8.47347 
16 75.0723 24.9277 278.541 12.9208 8.53802 279.952 11.5834 8.46472 
16.1 74.9775 25.0225 278.517 12.9436 8.53972 279.953 11.5906 8.45599 
16.2 74.8827 25.1173 278.492 12.9665 8.54155 279.955 11.5978 8.44728 
16.3 74.7879 25.2121 278.467 12.9894 8.54352 279.956 11.6049 8.43859 
16.4 74.6931 25.3069 278.442 13.0124 8.54562 279.958 11.6121 8.42991 
16.5 74.5982 25.4018 278.417 13.0355 8.54786 279.96 11.6192 8.42126 
16.6 74.5033 25.4967 278.391 13.0586 8.55023 279.961 11.6263 8.41261 
16.7 74.4084 25.5916 278.365 13.0818 8.55273 279.963 11.6334 8.40399 
16.8 74.3135 25.6865 278.34 13.105 8.55537 279.964 11.6404 8.39538 
16.9 74.2185 25.7815 278.314 13.1283 8.55814 279.966 11.6475 8.3868 
17 74.1236 25.8764 278.287 13.1516 8.56104 279.967 11.6545 8.37823 
17.1 74.0286 25.9714 278.261 13.175 8.56408 279.969 11.6615 8.36968 
17.2 73.9335 26.0665 278.234 13.1985 8.56725 279.97 11.6685 8.36114 
17.3 73.8385 26.1615 278.207 13.222 8.57055 279.972 11.6754 8.35263 
17.4 73.7434 26.2566 278.18 13.2456 8.57399 279.973 11.6824 8.34413 
17.5 73.6484 26.3516 278.153 13.2692 8.57756 279.975 11.6893 8.33565 
17.6 73.5532 26.4468 278.126 13.2929 8.58126 279.977 11.6962 8.32719 
17.7 73.4581 26.5419 278.098 13.3167 8.5851 279.978 11.7031 8.31875 
17.8 73.363 26.637 278.07 13.3405 8.58907 279.98 11.71 8.31033 
17.9 73.2678 26.7322 278.042 13.3644 8.59318 279.981 11.7169 8.30193 
18 73.1726 26.8274 278.014 13.3883 8.59742 279.983 11.7237 8.29355 
18.1 73.0774 26.9226 277.986 13.4123 8.60179 279.984 11.7305 8.28519 
18.2 72.9821 27.0179 277.957 13.4363 8.60629 279.986 11.7374 8.27684 
18.3 72.8869 27.1131 277.929 13.4604 8.61093 279.987 11.7442 8.26852 
18.4 72.7916 27.2084 277.9 13.4846 8.61571 279.989 11.7509 8.26021 
18.5 72.6963 27.3037 277.871 13.5088 8.62061 279.99 11.7577 8.25193 
18.6 72.601 27.399 277.841 13.5331 8.62565 279.992 11.7645 8.24366 
18.7 72.5056 27.4944 277.812 13.5574 8.63082 279.993 11.7712 8.23542 
18.8 72.4103 27.5897 277.782 13.5818 8.63613 279.995 11.7779 8.22719 
18.9 72.3149 27.6851 277.752 13.6063 8.64157 279.996 11.7846 8.21899 
19 72.2195 27.7805 277.722 13.6308 8.64714 279.998 11.7913 8.21081 
19.1 72.124 27.876 277.692 13.6554 8.65285 279.999 11.798 8.20264 
19.2 72.0286 27.9714 277.661 13.68 8.65869 280.001 11.8047 8.1945 
19.3 71.9331 28.0669 277.631 13.7047 8.66466 280.002 11.8113 8.18638 
19.4 71.8376 28.1624 277.6 13.7295 8.67077 280.004 11.8179 8.17828 
19.5 71.7421 28.2579 277.569 13.7543 8.67701 280.005 11.8246 8.1702 
19.6 71.6466 28.3534 277.537 13.7792 8.68338 280.007 11.8312 8.16214 
19.7 71.551 28.449 277.506 13.8041 8.68989 280.008 11.8378 8.15411 
19.8 71.4554 28.5446 277.474 13.8291 8.69653 280.01 11.8444 8.14609 
19.9 71.3598 28.6402 277.443 13.8541 8.7033 280.011 11.8509 8.1381 
20 71.2642 28.7358 277.411 13.8792 8.71021 280.012 11.8575 8.13013 
20.1 71.1686 28.8314 277.378 13.9044 8.71725 280.014 11.864 8.12218 
20.2 71.0729 28.9271 277.346 13.9296 8.72442 280.015 11.8706 8.11425 
20.3 70.9772 29.0228 277.313 13.9549 8.73173 280.017 11.8771 8.10634 
20.4 70.8815 29.1185 277.281 13.9802 8.73917 280.018 11.8836 8.09846 
20.5 70.7858 29.2142 277.248 14.0056 8.74674 280.019 11.8901 8.0906 
20.6 70.6901 29.3099 277.214 14.0311 8.75445 280.021 11.8966 8.08276 
20.7 70.5943 29.4057 277.181 14.0566 8.76229 280.022 11.9031 8.07494 
20.8 70.4985 29.5015 277.148 14.0822 8.77027 280.023 11.9096 8.06715 
20.9 70.4027 29.5973 277.114 14.1078 8.77837 280.025 11.916 8.05938 
21 70.3069 29.6931 277.08 14.1335 8.78661 280.026 11.9225 8.05163 
21.1 70.2111 29.7889 277.046 14.1593 8.79499 280.027 11.9289 8.0439 
21.2 70.1152 29.8848 277.011 14.1851 8.8035 280.028 11.9353 8.0362 
21.3 70.0193 29.9807 276.977 14.211 8.81214 280.03 11.9418 8.02852 
21.4 69.9235 30.0765 276.942 14.2369 8.82091 280.031 11.9482 8.02087 
21.5 69.8275 30.1725 276.907 14.2629 8.82982 280.032 11.9546 8.01324 
21.6 69.7316 30.2684 276.872 14.289 8.83886 280.033 11.961 8.00563 
21.7 69.6357 30.3643 276.837 14.3151 8.84804 280.035 11.9674 7.99805 
21.8 69.5397 30.4603 276.801 14.3413 8.85735 280.036 11.9737 7.99049 
21.9 69.4437 30.5563 276.766 14.3675 8.86679 280.037 11.9801 7.98295 
22 69.3477 30.6523 276.73 14.3938 8.87637 280.038 11.9864 7.97544 
22.1 69.2517 30.7483 276.694 14.4201 8.88608 280.039 11.9928 7.96795 
22.2 69.1556 30.8444 276.658 14.4466 8.89592 280.04 11.9991 7.96049 
22.3 69.0596 30.9404 276.621 14.473 8.9059 280.041 12.0055 7.95305 
22.4 68.9635 31.0365 276.584 14.4996 8.91601 280.043 12.0118 7.94563 
22.5 68.8674 31.1326 276.548 14.5261 8.92625 280.044 12.0181 7.93824 
22.6 68.7713 31.2287 276.511 14.5528 8.93663 280.045 12.0244 7.93088 
22.7 68.6752 31.3248 276.473 14.5795 8.94714 280.046 12.0307 7.92354 
22.8 68.579 31.421 276.436 14.6063 8.95779 280.047 12.037 7.91622 
22.9 68.4828 31.5172 276.398 14.6331 8.96856 280.048 12.0433 7.90893 
23 68.3867 31.6133 276.361 14.66 8.97948 280.049 12.0496 7.90167 
23.1 68.2905 31.7095 276.323 14.6869 8.99052 280.05 12.0559 7.89443 
23.2 68.1943 31.8057 276.284 14.7139 9.0017 280.051 12.0622 7.88722 
23.3 68.098 31.902 276.246 14.741 9.01301 280.052 12.0685 7.88003 
23.4 68.0018 31.9982 276.207 14.7681 9.02446 280.052 12.0747 7.87287 
23.5 67.9055 32.0945 276.169 14.7953 9.03604 280.053 12.081 7.86574 
23.6 67.8092 32.1908 276.13 14.8225 9.04775 280.054 12.0872 7.85863 
23.7 67.7129 32.2871 276.091 14.8498 9.0596 280.055 12.0935 7.85154 
23.8 67.6166 32.3834 276.051 14.8772 9.07158 280.056 12.0997 7.84449 
23.9 67.5203 32.4797 276.012 14.9046 9.0837 280.057 12.106 7.83746 
24 67.424 32.576 275.972 14.9321 9.09595 280.057 12.1122 7.83045 
24.1 67.3276 32.6724 275.932 14.9596 9.10833 280.058 12.1185 7.82348 
24.2 67.2312 32.7688 275.892 14.9872 9.12085 280.059 12.1247 7.81653 
24.3 67.1349 32.8651 275.852 15.0149 9.1335 280.059 12.1309 7.8096 
24.4 67.0385 32.9615 275.811 15.0426 9.14628 280.06 12.1371 7.80271 
24.5 66.942 33.058 275.77 15.0704 9.1592 280.061 12.1434 7.79584 
24.6 66.8456 33.1544 275.73 15.0982 9.17225 280.061 12.1496 7.789 
24.7 66.7492 33.2508 275.688 15.1261 9.18544 280.062 12.1558 7.78218 
24.8 66.6527 33.3473 275.647 15.1541 9.19876 280.063 12.162 7.7754 
24.9 66.5562 33.4438 275.606 15.1821 9.21221 280.063 12.1682 7.76864 
25 66.4598 33.5402 275.564 15.2102 9.2258 280.064 12.1744 7.76191 
25.1 66.3633 33.6367 275.522 15.2383 9.23952 280.064 12.1806 7.7552 
25.2 66.2667 33.7333 275.48 15.2665 9.25338 280.065 12.1869 7.74853 
25.3 66.1702 33.8298 275.438 15.2948 9.26737 280.065 12.1931 7.74188 
25.4 66.0737 33.9263 275.395 15.3231 9.28149 280.065 12.1993 7.73526 
25.5 65.9771 34.0229 275.353 15.3515 9.29575 280.066 12.2055 7.72867 
25.6 65.8806 34.1194 275.31 15.3799 9.31015 280.066 12.2117 7.72211 
25.7 65.784 34.216 275.267 15.4084 9.32467 280.067 12.2179 7.71558 
25.8 65.6874 34.3126 275.224 15.4369 9.33933 280.067 12.2241 7.70907 
25.9 65.5908 34.4092 275.18 15.4656 9.35413 280.067 12.2303 7.7026 
26 65.4942 34.5058 275.137 15.4942 9.36906 280.067 12.2365 7.69615 
26.1 65.3976 34.6024 275.093 15.523 9.38412 280.068 12.2427 7.68974 
26.2 65.3009 34.6991 275.049 15.5517 9.39932 280.068 12.2489 7.68335 
26.3 65.2043 34.7957 275.005 15.5806 9.41465 280.068 12.2551 7.67699 
26.4 65.1076 34.8924 274.96 15.6095 9.43012 280.068 12.2613 7.67066 
26.5 65.011 34.989 274.916 15.6385 9.44572 280.068 12.2675 7.66436 
26.6 64.9143 35.0857 274.871 15.6675 9.46145 280.068 12.2737 7.65809 
26.7 64.8176 35.1824 274.826 15.6966 9.47732 280.068 12.2799 7.65185 
26.8 64.7209 35.2791 274.781 15.7257 9.49333 280.068 12.2861 7.64564 
26.9 64.6242 35.3758 274.736 15.7549 9.50947 280.068 12.2923 7.63946 
27 64.5275 35.4725 274.69 15.7842 9.52574 280.068 12.2985 7.63331 
27.1 64.4308 35.5692 274.644 15.8135 9.54215 280.068 12.3047 7.62719 
27.2 64.334 35.666 274.598 15.8429 9.55869 280.068 12.3109 7.62111 
27.3 64.2373 35.7627 274.552 15.8723 9.57537 280.068 12.3172 7.61505 
27.4 64.1405 35.8595 274.506 15.9018 9.59218 280.068 12.3234 7.60902 
27.5 64.0438 35.9562 274.459 15.9314 9.60912 280.067 12.3296 7.60302 
27.6 63.947 36.053 274.413 15.961 9.6262 280.067 12.3358 7.59706 
27.7 63.8502 36.1498 274.366 15.9907 9.64342 280.067 12.3421 7.59112 
27.8 63.7534 36.2466 274.319 16.0204 9.66077 280.066 12.3483 7.58522 
27.9 63.6567 36.3433 274.272 16.0502 9.67825 280.066 12.3545 7.57935 
28 63.5599 36.4401 274.224 16.0801 9.69587 280.066 12.3608 7.57351 
28.1 63.463 36.537 274.176 16.11 9.71363 280.065 12.367 7.5677 
28.2 63.3662 36.6338 274.129 16.14 9.73152 280.065 12.3733 7.56192 
28.3 63.2694 36.7306 274.08 16.17 9.74954 280.064 12.3795 7.55618 
28.4 63.1726 36.8274 274.032 16.2001 9.7677 280.064 12.3858 7.55047 
28.5 63.0758 36.9242 273.984 16.2303 9.786 280.063 12.392 7.54478 
28.6 62.9789 37.0211 273.935 16.2605 9.80443 280.063 12.3983 7.53914 
28.7 62.8821 37.1179 273.886 16.2907 9.82299 280.062 12.4046 7.53352 
28.8 62.7852 37.2148 273.837 16.3211 9.84169 280.061 12.4109 7.52793 
28.9 62.6884 37.3116 273.788 16.3514 9.86053 280.06 12.4172 7.52238 
29 62.5915 37.4085 273.739 16.3819 9.8795 280.06 12.4234 7.51686 
29.1 62.4946 37.5054 273.689 16.4124 9.8986 280.059 12.4297 7.51138 
29.2 62.3978 37.6022 273.639 16.443 9.91784 280.058 12.436 7.50592 
29.3 62.3009 37.6991 273.589 16.4736 9.93722 280.057 12.4424 7.5005 
29.4 62.204 37.796 273.539 16.5043 9.95673 280.056 12.4487 7.49512 
29.5 62.1071 37.8929 273.489 16.535 9.97638 280.055 12.455 7.48976 
29.6 62.0102 37.9898 273.438 16.5658 9.99616 280.054 12.4613 7.48444 
29.7 61.9134 38.0866 273.387 16.5966 10.0161 280.053 12.4677 7.47916 
29.8 61.8165 38.1835 273.336 16.6276 10.0361 280.052 12.474 7.4739 
29.9 61.7196 38.2804 273.285 16.6585 10.0563 280.051 12.4804 7.46868 
30 61.6227 38.3773 273.234 16.6896 10.0766 280.05 12.4867 7.4635 
30.1 61.5258 38.4742 273.182 16.7206 10.0971 280.049 12.4931 7.45835 
30.2 61.4289 38.5711 273.131 16.7518 10.1177 280.047 12.4995 7.45323 
30.3 61.332 38.668 273.079 16.783 10.1384 280.046 12.5059 7.44815 
30.4 61.2351 38.7649 273.026 16.8143 10.1593 280.045 12.5123 7.4431 
30.5 61.1382 38.8618 272.974 16.8456 10.1803 280.043 12.5187 7.43808 
30.6 61.0413 38.9587 272.922 16.877 10.2014 280.042 12.5251 7.43311 
30.7 60.9444 39.0556 272.869 16.9084 10.2227 280.04 12.5315 7.42816 
30.8 60.8475 39.1525 272.816 16.9399 10.2441 280.039 12.5379 7.42325 
30.9 60.7506 39.2494 272.763 16.9714 10.2657 280.037 12.5444 7.41838 
31 60.6536 39.3464 272.71 17.0031 10.2873 280.036 12.5508 7.41354 
31.1 60.5567 39.4433 272.656 17.0347 10.3092 280.034 12.5573 7.40873 
31.2 60.4598 39.5402 272.602 17.0665 10.3311 280.032 12.5637 7.40396 
31.3 60.3629 39.6371 272.549 17.0982 10.3532 280.031 12.5702 7.39923 
31.4 60.266 39.734 272.494 17.1301 10.3754 280.029 12.5767 7.39453 
31.5 60.1691 39.8309 272.44 17.162 10.3978 280.027 12.5832 7.38987 
31.6 60.0722 39.9278 272.386 17.1939 10.4203 280.025 12.5897 7.38524 
31.7 59.9754 40.0246 272.331 17.226 10.4429 280.023 12.5963 7.38065 
31.8 59.8785 40.1215 272.276 17.258 10.4657 280.021 12.6028 7.3761 
31.9 59.7816 40.2184 272.221 17.2902 10.4886 280.019 12.6093 7.37158 
32 59.6847 40.3153 272.166 17.3223 10.5117 280.017 12.6159 7.3671 
32.1 59.5878 40.4122 272.111 17.3546 10.5348 280.015 12.6225 7.36265 
32.2 59.4909 40.5091 272.055 17.3869 10.5582 280.013 12.629 7.35825 
32.3 59.3941 40.6059 271.999 17.4193 10.5816 280.01 12.6356 7.35387 
32.4 59.2972 40.7028 271.943 17.4517 10.6052 280.008 12.6423 7.34954 
32.5 59.2003 40.7997 271.887 17.4841 10.6289 280.006 12.6489 7.34524 
32.6 59.1035 40.8965 271.831 17.5167 10.6528 280.004 12.6555 7.34098 
32.7 59.0066 40.9934 271.774 17.5493 10.6768 280.001 12.6621 7.33676 
32.8 58.9098 41.0902 271.717 17.5819 10.7009 279.999 12.6688 7.33257 
32.9 58.8129 41.1871 271.66 17.6146 10.7252 279.996 12.6755 7.32842 
33 58.7161 41.2839 271.603 17.6474 10.7496 279.994 12.6822 7.32431 
33.1 58.6193 41.3807 271.546 17.6802 10.7742 279.991 12.6889 7.32024 
33.2 58.5224 41.4776 271.488 17.7131 10.7988 279.988 12.6956 7.3162 
33.3 58.4256 41.5744 271.43 17.746 10.8237 279.985 12.7023 7.3122 
33.4 58.3288 41.6712 271.372 17.779 10.8486 279.983 12.7091 7.30824 
33.5 58.232 41.768 271.314 17.812 10.8737 279.98 12.7158 7.30432 
33.6 58.1352 41.8648 271.256 17.8451 10.899 279.977 12.7226 7.30044 
33.7 58.0385 41.9615 271.197 17.8783 10.9243 279.974 12.7294 7.29659 
33.8 57.9417 42.0583 271.139 17.9115 10.9498 279.971 12.7362 7.29279 
33.9 57.8449 42.1551 271.08 17.9448 10.9755 279.968 12.743 7.28902 
34 57.7482 42.2518 271.021 17.9781 11.0013 279.965 12.7498 7.28529 
34.1 57.6514 42.3486 270.961 18.0115 11.0272 279.962 12.7567 7.2816 
34.2 57.5547 42.4453 270.902 18.0449 11.0532 279.959 12.7635 7.27795 
34.3 57.458 42.542 270.842 18.0784 11.0794 279.955 12.7704 7.27434 
34.4 57.3613 42.6387 270.782 18.1119 11.1058 279.952 12.7773 7.27077 
34.5 57.2646 42.7354 270.722 18.1455 11.1322 279.949 12.7842 7.26724 
34.6 57.1679 42.8321 270.662 18.1792 11.1588 279.945 12.7912 7.26374 
34.7 57.0712 42.9288 270.601 18.2129 11.1856 279.942 12.7981 7.26029 
34.8 56.9745 43.0255 270.541 18.2467 11.2125 279.938 12.8051 7.25688 
34.9 56.8779 43.1221 270.48 18.2805 11.2395 279.934 12.812 7.2535 
35 56.7812 43.2188 270.419 18.3144 11.2667 279.931 12.819 7.25017 
35.1 56.6846 43.3154 270.358 18.3483 11.2939 279.927 12.8261 7.24688 
35.2 56.588 43.412 270.296 18.3823 11.3214 279.923 12.8331 7.24363 
35.3 56.4914 43.5086 270.235 18.4164 11.349 279.919 12.8401 7.24041 
35.4 56.3948 43.6052 270.173 18.4505 11.3767 279.916 12.8472 7.23724 
35.5 56.2983 43.7017 270.111 18.4846 11.4045 279.912 12.8543 7.23411 
35.6 56.2017 43.7983 270.049 18.5188 11.4325 279.908 12.8614 7.23102 
35.7 56.1052 43.8948 269.986 18.5531 11.4606 279.903 12.8685 7.22797 
35.8 56.0086 43.9914 269.924 18.5874 11.4889 279.899 12.8757 7.22496 
35.9 55.9121 44.0879 269.861 18.6218 11.5173 279.895 12.8828 7.222 
36 55.8157 44.1843 269.798 18.6562 11.5458 279.891 12.89 7.21907 
36.1 55.7192 44.2808 269.735 18.6907 11.5745 279.887 12.8972 7.21619 
36.2 55.6227 44.3773 269.671 18.7253 11.6033 279.882 12.9045 7.21334 
36.3 55.5263 44.4737 269.608 18.7599 11.6323 279.878 12.9117 7.21054 
36.4 55.4299 44.5701 269.544 18.7945 11.6614 279.873 12.919 7.20778 
36.5 55.3335 44.6665 269.48 18.8292 11.6906 279.869 12.9262 7.20507 
36.6 55.2371 44.7629 269.416 18.864 11.72 279.864 12.9335 7.20239 
36.7 55.1407 44.8593 269.352 18.8988 11.7495 279.859 12.9409 7.19976 
36.8 55.0444 44.9556 269.287 18.9337 11.7792 279.855 12.9482 7.19717 
36.9 54.9481 45.0519 269.222 18.9686 11.8089 279.85 12.9556 7.19462 
37 54.8518 45.1482 269.158 19.0036 11.8389 279.845 12.963 7.19212 
37.1 54.7555 45.2445 269.092 19.0386 11.8689 279.84 12.9704 7.18966 
37.2 54.6592 45.3408 269.027 19.0737 11.8991 279.835 12.9778 7.18724 
37.3 54.563 45.437 268.962 19.1088 11.9295 279.83 12.9852 7.18486 
37.4 54.4668 45.5332 268.896 19.144 11.96 279.825 12.9927 7.18253 
37.5 54.3706 45.6294 268.83 19.1792 11.9906 279.82 13.0002 7.18024 
37.6 54.2744 45.7256 268.764 19.2145 12.0214 279.814 13.0077 7.17799 
37.7 54.1782 45.8218 268.698 19.2499 12.0523 279.809 13.0153 7.17579 
37.8 54.0821 45.9179 268.631 19.2853 12.0833 279.804 13.0228 7.17363 
37.9 53.986 46.014 268.565 19.3207 12.1145 279.798 13.0304 7.17151 
38 53.8899 46.1101 268.498 19.3562 12.1458 279.793 13.038 7.16944 
38.1 53.7939 46.2061 268.431 19.3918 12.1772 279.787 13.0456 7.16741 
38.2 53.6978 46.3022 268.364 19.4274 12.2088 279.781 13.0533 7.16543 
38.3 53.6018 46.3982 268.296 19.4631 12.2406 279.776 13.061 7.16349 
38.4 53.5059 46.4941 268.229 19.4988 12.2725 279.77 13.0687 7.16159 
38.5 53.4099 46.5901 268.161 19.5345 12.3045 279.764 13.0764 7.15974 
38.6 53.314 46.686 268.093 19.5704 12.3366 279.758 13.0842 7.15794 
38.7 53.2181 46.7819 268.025 19.6062 12.3689 279.752 13.0919 7.15618 
38.8 53.1222 46.8778 267.956 19.6422 12.4014 279.746 13.0997 7.15446 
38.9 53.0264 46.9736 267.888 19.6781 12.4339 279.74 13.1075 7.15279 
39 52.9305 47.0695 267.819 19.7142 12.4667 279.733 13.1154 7.15117 
39.1 52.8347 47.1653 267.75 19.7502 12.4995 279.727 13.1233 7.14958 
39.2 52.739 47.261 267.681 19.7864 12.5325 279.721 13.1312 7.14805 
39.3 52.6433 47.3567 267.612 19.8226 12.5656 279.714 13.1391 7.14656 
39.4 52.5476 47.4524 267.542 19.8588 12.5989 279.708 13.147 7.14512 
39.5 52.4519 47.5481 267.473 19.8951 12.6323 279.701 13.155 7.14372 
39.6 52.3562 47.6438 267.403 19.9314 12.6659 279.695 13.163 7.14237 
39.7 52.2606 47.7394 267.333 19.9678 12.6996 279.688 13.171 7.14106 
39.8 52.165 47.835 267.262 20.0042 12.7334 279.681 13.1791 7.1398 
39.9 52.0695 47.9305 267.192 20.0407 12.7674 279.674 13.1872 7.13859 
40 51.974 48.026 267.121 20.0773 12.8015 279.667 13.1953 7.13742 
40.1 51.8785 48.1215 267.05 20.1139 12.8358 279.66 13.2034 7.1363 
40.2 51.7831 48.2169 266.979 20.1505 12.8702 279.653 13.2116 7.13523 
40.3 51.6876 48.3124 266.908 20.1872 12.9047 279.646 13.2197 7.13421 
40.4 51.5923 48.4077 266.837 20.2239 12.9394 279.639 13.2279 7.13323 
40.5 51.4969 48.5031 266.765 20.2607 12.9742 279.632 13.2362 7.13229 
40.6 51.4016 48.5984 266.693 20.2976 13.0092 279.624 13.2445 7.13141 
40.7 51.3063 48.6937 266.621 20.3345 13.0443 279.617 13.2528 7.13057 
40.8 51.2111 48.7889 266.549 20.3714 13.0795 279.609 13.2611 7.12978 
40.9 51.1159 48.8841 266.477 20.4084 13.1149 279.602 13.2694 7.12904 
41 51.0207 48.9793 266.404 20.4455 13.1504 279.594 13.2778 7.12835 
41.1 50.9255 49.0745 266.331 20.4825 13.1861 279.586 13.2862 7.1277 
41.2 50.8304 49.1696 266.258 20.5197 13.2219 279.578 13.2947 7.1271 
41.3 50.7354 49.2646 266.185 20.5569 13.2578 279.57 13.3031 7.12655 
41.4 50.6404 49.3596 266.112 20.5941 13.2939 279.562 13.3116 7.12605 
41.5 50.5454 49.4546 266.038 20.6314 13.3302 279.554 13.3201 7.1256 
41.6 50.4504 49.5496 265.965 20.6687 13.3665 279.546 13.3287 7.1252 
41.7 50.3555 49.6445 265.891 20.7061 13.403 279.538 13.3373 7.12484 
41.8 50.2607 49.7393 265.817 20.7436 13.4397 279.53 13.3459 7.12454 
41.9 50.1658 49.8342 265.742 20.781 13.4765 279.521 13.3545 7.12428 
42 50.071 49.929 265.668 20.8186 13.5134 279.513 13.3632 7.12407 
42.1 49.9763 50.0237 265.593 20.8561 13.5505 279.504 13.3719 7.12391 
42.2 49.8816 50.1184 265.519 20.8938 13.5877 279.496 13.3807 7.1238 
42.3 49.7869 50.2131 265.443 20.9315 13.6251 279.487 13.3894 7.12374 
42.4 49.6923 50.3077 265.368 20.9692 13.6626 279.478 13.3982 7.12373 
42.5 49.5977 50.4023 265.293 21.0069 13.7002 279.469 13.407 7.12377 
42.6 49.5032 50.4968 265.217 21.0448 13.738 279.46 13.4159 7.12386 
42.7 49.4087 50.5913 265.141 21.0826 13.7759 279.451 13.4248 7.124 
42.8 49.3143 50.6857 265.065 21.1205 13.814 279.442 13.4337 7.12419 
42.9 49.2199 50.7801 264.989 21.1585 13.8522 279.433 13.4427 7.12444 
43 49.1255 50.8745 264.913 21.1965 13.8905 279.424 13.4516 7.12473 
43.1 49.0312 50.9688 264.836 21.2346 13.929 279.414 13.4607 7.12507 
43.2 48.9369 51.0631 264.76 21.2727 13.9677 279.405 13.4697 7.12546 
43.3 48.8427 51.1573 264.683 21.3108 14.0064 279.395 13.4788 7.12591 
43.4 48.7485 51.2515 264.606 21.349 14.0453 279.386 13.4879 7.1264 
43.5 48.6544 51.3456 264.528 21.3872 14.0844 279.376 13.4971 7.12695 
43.6 48.5603 51.4397 264.451 21.4255 14.1236 279.366 13.5062 7.12755 
43.7 48.4663 51.5337 264.373 21.4639 14.1629 279.356 13.5154 7.1282 
43.8 48.3723 51.6277 264.295 21.5023 14.2024 279.346 13.5247 7.1289 
43.9 48.2784 51.7216 264.217 21.5407 14.2421 279.336 13.534 7.12965 
44 48.1845 51.8155 264.139 21.5791 14.2818 279.326 13.5433 7.13046 
44.1 48.0907 51.9093 264.061 21.6177 14.3217 279.316 13.5526 7.13131 
44.2 47.9969 52.0031 263.982 21.6562 14.3618 279.306 13.562 7.13222 
44.3 47.9032 52.0968 263.903 21.6948 14.402 279.295 13.5714 7.13318 
44.4 47.8095 52.1905 263.824 21.7335 14.4423 279.285 13.5809 7.1342 
44.5 47.7159 52.2841 263.745 21.7722 14.4828 279.274 13.5904 7.13527 
44.6 47.6223 52.3777 263.666 21.8109 14.5234 279.264 13.5999 7.13639 
44.7 47.5288 52.4712 263.586 21.8497 14.5642 279.253 13.6094 7.13756 
44.8 47.4353 52.5647 263.506 21.8886 14.6051 279.242 13.619 7.13878 
44.9 47.3419 52.6581 263.426 21.9274 14.6461 279.231 13.6286 7.14006 
45 47.2485 52.7515 263.346 21.9664 14.6873 279.22 13.6383 7.1414 
45.1 47.1552 52.8448 263.266 22.0053 14.7286 279.209 13.648 7.14278 
45.2 47.0619 52.9381 263.186 22.0443 14.7701 279.198 13.6577 7.14422 
45.3 46.9687 53.0313 263.105 22.0834 14.8117 279.187 13.6675 7.14572 
45.4 46.8756 53.1244 263.024 22.1225 14.8535 279.175 13.6773 7.14726 
45.5 46.7825 53.2175 262.943 22.1616 14.8954 279.164 13.6871 7.14887 
45.6 46.6895 53.3105 262.862 22.2008 14.9374 279.152 13.697 7.15052 
45.7 46.5965 53.4035 262.78 22.24 14.9796 279.141 13.7069 7.15223 
45.8 46.5036 53.4964 262.699 22.2793 15.022 279.129 13.7168 7.154 
45.9 46.4107 53.5893 262.617 22.3186 15.0644 279.117 13.7268 7.15582 
46 46.3179 53.6821 262.535 22.358 15.107 279.105 13.7369 7.15769 
46.1 46.2252 53.7748 262.453 22.3974 15.1498 279.093 13.7469 7.15962 
46.2 46.1325 53.8675 262.37 22.4368 15.1927 279.081 13.757 7.16161 
46.3 46.0399 53.9601 262.288 22.4763 15.2357 279.069 13.7671 7.16365 
46.4 45.9473 54.0527 262.205 22.5158 15.2789 279.057 13.7773 7.16574 
46.5 45.8548 54.1452 262.122 22.5554 15.3223 279.045 13.7875 7.16789 
46.6 45.7624 54.2376 262.039 22.595 15.3657 279.032 13.7978 7.1701 
46.7 45.67 54.33 261.956 22.6347 15.4093 279.02 13.808 7.17236 
46.8 45.5777 54.4223 261.873 22.6744 15.4531 279.007 13.8184 7.17468 
46.9 45.4855 54.5145 261.789 22.7141 15.497 278.994 13.8287 7.17706 
47 45.3933 54.6067 261.705 22.7539 15.541 278.981 13.8391 7.17949 
47.1 45.3012 54.6988 261.621 22.7937 15.5852 278.968 13.8496 7.18197 
47.2 45.2091 54.7909 261.537 22.8336 15.6295 278.955 13.86 7.18452 
47.3 45.1171 54.8829 261.452 22.8735 15.674 278.942 13.8705 7.18712 
47.4 45.0252 54.9748 261.368 22.9134 15.7186 278.929 13.8811 7.18978 
47.5 44.9333 55.0667 261.283 22.9534 15.7634 278.916 13.8917 7.19249 
47.6 44.8415 55.1585 261.198 22.9935 15.8083 278.902 13.9023 7.19526 
47.7 44.7498 55.2502 261.113 23.0335 15.8533 278.889 13.913 7.19809 
47.8 44.6581 55.3419 261.028 23.0736 15.8985 278.875 13.9237 7.20098 
47.9 44.5665 55.4335 260.942 23.1138 15.9438 278.862 13.9345 7.20393 
48 44.475 55.525 260.857 23.154 15.9893 278.848 13.9452 7.20693 
48.1 44.3835 55.6165 260.771 23.1942 16.0349 278.834 13.9561 7.20999 
48.2 44.2922 55.7078 260.685 23.2345 16.0807 278.82 13.967 7.21311 
48.3 44.2008 55.7992 260.599 23.2748 16.1266 278.806 13.9779 7.21628 
48.4 44.1096 55.8904 260.512 23.3151 16.1726 278.792 13.9888 7.21952 
48.5 44.0184 55.9816 260.426 23.3555 16.2188 278.777 13.9998 7.22281 
48.6 43.9273 56.0727 260.339 23.3959 16.2651 278.763 14.0109 7.22617 
48.7 43.8363 56.1637 260.252 23.4364 16.3116 278.748 14.0219 7.22958 
48.8 43.7453 56.2547 260.165 23.4769 16.3582 278.734 14.033 7.23305 
48.9 43.6544 56.3456 260.078 23.5174 16.405 278.719 14.0442 7.23658 
49 43.5636 56.4364 259.99 23.558 16.4519 278.704 14.0554 7.24017 
49.1 43.4728 56.5272 259.902 23.5986 16.4989 278.69 14.0667 7.24382 
49.2 43.3822 56.6178 259.815 23.6393 16.5461 278.675 14.0779 7.24753 
49.3 43.2916 56.7084 259.727 23.68 16.5934 278.659 14.0893 7.25129 
49.4 43.201 56.799 259.638 23.7207 16.6409 278.644 14.1006 7.25512 
49.5 43.1106 56.8894 259.55 23.7615 16.6885 278.629 14.112 7.25901 
49.6 43.0202 56.9798 259.461 23.8023 16.7363 278.614 14.1235 7.26296 
49.7 42.9299 57.0701 259.373 23.8431 16.7842 278.598 14.135 7.26697 
49.8 42.8397 57.1603 259.284 23.884 16.8322 278.582 14.1465 7.27104 
49.9 42.7496 57.2504 259.195 23.9249 16.8804 278.567 14.1581 7.27517 
50 42.6595 57.3405 259.105 23.9659 16.9288 278.551 14.1698 7.27936 
50.1 42.5695 57.4305 259.016 24.0069 16.9772 278.535 14.1814 7.28361 
50.2 42.4796 57.5204 258.926 24.0479 17.0258 278.519 14.1931 7.28793 
50.3 42.3898 57.6102 258.836 24.089 17.0746 278.503 14.2049 7.2923 
50.4 42.3 57.7 258.746 24.1301 17.1235 278.487 14.2167 7.29674 
50.5 42.2103 57.7897 258.656 24.1712 17.1726 278.47 14.2285 7.30124 
50.6 42.1208 57.8792 258.566 24.2124 17.2217 278.454 14.2404 7.3058 
50.7 42.0313 57.9687 258.475 24.2536 17.2711 278.437 14.2524 7.31042 
50.8 41.9418 58.0582 258.385 24.2949 17.3206 278.421 14.2643 7.31511 
50.9 41.8525 58.1475 258.294 24.3362 17.3702 278.404 14.2764 7.31985 
51 41.7632 58.2368 258.203 24.3775 17.4199 278.387 14.2884 7.32466 
51.1 41.674 58.326 258.111 24.4188 17.4698 278.37 14.3005 7.32954 
51.2 41.5849 58.4151 258.02 24.4602 17.5199 278.353 14.3127 7.33447 
51.3 41.4959 58.5041 257.928 24.5016 17.5701 278.336 14.3249 7.33947 
51.4 41.407 58.593 257.837 24.5431 17.6204 278.318 14.3372 7.34453 
51.5 41.3182 58.6818 257.745 24.5846 17.6709 278.301 14.3494 7.34966 
51.6 41.2294 58.7706 257.652 24.6261 17.7215 278.283 14.3618 7.35484 
51.7 41.1407 58.8593 257.56 24.6677 17.7723 278.266 14.3742 7.3601 
51.8 41.0521 58.9479 257.468 24.7093 17.8232 278.248 14.3866 7.36541 
51.9 40.9636 59.0364 257.375 24.7509 17.8742 278.23 14.3991 7.37079 
52 40.8752 59.1248 257.282 24.7926 17.9254 278.212 14.4116 7.37624 
52.1 40.7869 59.2131 257.189 24.8343 17.9767 278.194 14.4242 7.38174 
52.2 40.6987 59.3013 257.096 24.876 18.0282 278.176 14.4368 7.38732 
52.3 40.6105 59.3895 257.002 24.9177 18.0798 278.158 14.4494 7.39295 
52.4 40.5225 59.4775 256.909 24.9595 18.1316 278.139 14.4621 7.39866 
52.5 40.4345 59.5655 256.815 25.0014 18.1835 278.121 14.4749 7.40442 
52.6 40.3466 59.6534 256.721 25.0432 18.2355 278.102 14.4877 7.41026 
52.7 40.2588 59.7412 256.627 25.0851 18.2877 278.083 14.5006 7.41615 
52.8 40.1711 59.8289 256.533 25.127 18.3401 278.064 14.5134 7.42212 
52.9 40.0835 59.9165 256.438 25.169 18.3925 278.045 14.5264 7.42815 
53 39.996 60.004 256.344 25.211 18.4452 278.026 14.5394 7.43424 
53.1 39.9086 60.0914 256.249 25.253 18.4979 278.007 14.5524 7.4404 
53.2 39.8213 60.1787 256.154 25.2951 18.5508 277.988 14.5655 7.44663 
53.3 39.734 60.266 256.059 25.3372 18.6039 277.968 14.5786 7.45292 
53.4 39.6469 60.3531 255.964 25.3793 18.657 277.949 14.5918 7.45928 
53.5 39.5599 60.4401 255.868 25.4214 18.7104 277.929 14.605 7.46571 
53.6 39.4729 60.5271 255.773 25.4636 18.7639 277.909 14.6183 7.4722 
53.7 39.3861 60.6139 255.677 25.5058 18.8175 277.89 14.6317 7.47877 
53.8 39.2993 60.7007 255.581 25.5481 18.8712 277.87 14.645 7.48539 
53.9 39.2126 60.7874 255.485 25.5903 18.9251 277.849 14.6585 7.49209 
54 39.1261 60.8739 255.388 25.6326 18.9792 277.829 14.6719 7.49885 
54.1 39.0396 60.9604 255.292 25.675 19.0333 277.809 14.6854 7.50568 
54.2 38.9532 61.0468 255.195 25.7173 19.0877 277.788 14.699 7.51258 
54.3 38.867 61.133 255.098 25.7597 19.1421 277.768 14.7126 7.51955 
54.4 38.7808 61.2192 255.001 25.8021 19.1968 277.747 14.7263 7.52658 
54.5 38.6947 61.3053 254.904 25.8446 19.2515 277.726 14.74 7.53369 
54.6 38.6087 61.3913 254.807 25.8871 19.3064 277.705 14.7538 7.54086 
54.7 38.5229 61.4771 254.709 25.9296 19.3614 277.684 14.7676 7.5481 
54.8 38.4371 61.5629 254.611 25.9721 19.4166 277.663 14.7815 7.55541 
54.9 38.3514 61.6486 254.513 26.0147 19.4719 277.642 14.7954 7.56279 
55 38.2658 61.7342 254.415 26.0573 19.5274 277.62 14.8094 7.57023 
55.1 38.1804 61.8196 254.317 26.0999 19.583 277.599 14.8234 7.57775 
55.2 38.095 61.905 254.219 26.1426 19.6387 277.577 14.8375 7.58534 
55.3 38.0097 61.9903 254.12 26.1852 19.6946 277.555 14.8516 7.593 
55.4 37.9246 62.0754 254.021 26.2279 19.7507 277.534 14.8657 7.60072 
55.5 37.8395 62.1605 253.922 26.2707 19.8068 277.512 14.88 7.60852 
55.6 37.7546 62.2454 253.823 26.3134 19.8631 277.489 14.8942 7.61639 
55.7 37.6697 62.3303 253.724 26.3562 19.9196 277.467 14.9086 7.62433 
55.8 37.585 62.415 253.625 26.3991 19.9762 277.445 14.9229 7.63233 
55.9 37.5003 62.4997 253.525 26.4419 20.0329 277.422 14.9374 7.64041 
56 37.4158 62.5842 253.425 26.4848 20.0898 277.4 14.9518 7.64857 
56.1 37.3314 62.6686 253.325 26.5277 20.1468 277.377 14.9664 7.65679 
56.2 37.2471 62.7529 253.225 26.5706 20.204 277.354 14.9809 7.66508 
56.3 37.1629 62.8371 253.125 26.6136 20.2613 277.331 14.9956 7.67345 
56.4 37.0788 62.9212 253.025 26.6565 20.3187 277.308 15.0102 7.68188 
56.5 36.9948 63.0052 252.924 26.6995 20.3763 277.285 15.025 7.69039 
56.6 36.9109 63.0891 252.823 26.7426 20.434 277.261 15.0398 7.69897 
56.7 36.8271 63.1729 252.722 26.7856 20.4919 277.238 15.0546 7.70763 
56.8 36.7434 63.2566 252.621 26.8287 20.5499 277.214 15.0695 7.71635 
56.9 36.6599 63.3401 252.52 26.8718 20.6081 277.19 15.0844 7.72515 
57 36.5764 63.4236 252.419 26.915 20.6663 277.167 15.0994 7.73403 
57.1 36.4931 63.5069 252.317 26.9581 20.7248 277.143 15.1145 7.74297 
57.2 36.4099 63.5901 252.215 27.0013 20.7833 277.118 15.1296 7.75199 
57.3 36.3268 63.6732 252.113 27.0445 20.842 277.094 15.1447 7.76108 
57.4 36.2438 63.7562 252.011 27.0878 20.9009 277.07 15.16 7.77025 
57.5 36.1609 63.8391 251.909 27.131 20.9599 277.045 15.1752 7.77949 
57.6 36.0781 63.9219 251.807 27.1743 21.019 277.021 15.1905 7.7888 
57.7 35.9955 64.0045 251.704 27.2176 21.0783 276.996 15.2059 7.79819 
57.8 35.9129 64.0871 251.601 27.2609 21.1377 276.971 15.2213 7.80765 
57.9 35.8305 64.1695 251.498 27.3043 21.1973 276.946 15.2368 7.81719 
58 35.7482 64.2518 251.395 27.3477 21.2569 276.921 15.2523 7.8268 
58.1 35.666 64.334 251.292 27.3911 21.3168 276.896 15.2679 7.83648 
58.2 35.5839 64.4161 251.189 27.4345 21.3767 276.87 15.2835 7.84624 
58.3 35.5019 64.4981 251.085 27.4779 21.4369 276.845 15.2992 7.85608 
58.4 35.4201 64.5799 250.981 27.5214 21.4971 276.819 15.315 7.86599 
58.5 35.3384 64.6616 250.878 27.5649 21.5575 276.793 15.3308 7.87598 
58.6 35.2567 64.7433 250.774 27.6084 21.618 276.767 15.3466 7.88605 
58.7 35.1753 64.8247 250.669 27.6519 21.6787 276.741 15.3625 7.89619 
58.8 35.0939 64.9061 250.565 27.6955 21.7395 276.715 15.3785 7.9064 
58.9 35.0126 64.9874 250.46 27.7391 21.8005 276.689 15.3945 7.9167 
59 34.9315 65.0685 250.356 27.7827 21.8615 276.662 15.4106 7.92707 
59.1 34.8505 65.1495 250.251 27.8263 21.9228 276.636 15.4267 7.93751 
59.2 34.7696 65.2304 250.146 27.87 21.9841 276.609 15.4429 7.94804 
59.3 34.6888 65.3112 250.041 27.9136 22.0456 276.582 15.4591 7.95864 
59.4 34.6081 65.3919 249.935 27.9573 22.1073 276.555 15.4754 7.96932 
59.5 34.5276 65.4724 249.83 28.001 22.1691 276.528 15.4917 7.98007 
59.6 34.4472 65.5528 249.724 28.0448 22.231 276.501 15.5081 7.99091 
59.7 34.3669 65.6331 249.618 28.0885 22.293 276.474 15.5246 8.00182 
59.8 34.2867 65.7133 249.512 28.1323 22.3552 276.446 15.5411 8.01281 
59.9 34.2067 65.7933 249.406 28.1761 22.4176 276.418 15.5577 8.02388 
60 34.1268 65.8732 249.3 28.2199 22.4801 276.391 15.5743 8.03503 
60.1 34.047 65.953 249.194 28.2637 22.5427 276.363 15.591 8.04625 
60.2 33.9673 66.0327 249.087 28.3076 22.6054 276.335 15.6077 8.05756 
60.3 33.8878 66.1122 248.98 28.3515 22.6683 276.307 15.6245 8.06894 
60.4 33.8084 66.1916 248.873 28.3953 22.7313 276.278 15.6413 8.08041 
60.5 33.7291 66.2709 248.766 28.4393 22.7945 276.25 15.6582 8.09195 
60.6 33.6499 66.3501 248.659 28.4832 22.8578 276.221 15.6752 8.10358 
60.7 33.5709 66.4291 248.552 28.5271 22.9212 276.193 15.6922 8.11528 
60.8 33.4919 66.5081 248.444 28.5711 22.9848 276.164 15.7093 8.12706 
60.9 33.4132 66.5868 248.336 28.6151 23.0485 276.135 15.7264 8.13893 
61 33.3345 66.6655 248.229 28.6591 23.1124 276.106 15.7436 8.15087 
61.1 33.256 66.744 248.121 28.7031 23.1764 276.076 15.7608 8.1629 
61.2 33.1776 66.8224 248.012 28.7472 23.2405 276.047 15.7781 8.17501 
61.3 33.0993 66.9007 247.904 28.7912 23.3048 276.017 15.7955 8.18719 
61.4 33.0212 66.9788 247.796 28.8353 23.3692 275.988 15.8129 8.19946 
61.5 32.9431 67.0569 247.687 28.8794 23.4337 275.958 15.8304 8.21181 
61.6 32.8653 67.1347 247.578 28.9235 23.4984 275.928 15.8479 8.22425 
61.7 32.7875 67.2125 247.469 28.9676 23.5632 275.898 15.8655 8.23676 
61.8 32.7099 67.2901 247.36 29.0118 23.6281 275.868 15.8831 8.24936 
61.9 32.6324 67.3676 247.251 29.0559 23.6932 275.837 15.9008 8.26204 
62 32.555 67.445 247.141 29.1001 23.7584 275.807 15.9186 8.2748 
62.1 32.4778 67.5222 247.032 29.1443 23.8238 275.776 15.9364 8.28765 
62.2 32.4007 67.5993 246.922 29.1885 23.8893 275.745 15.9543 8.30058 
62.3 32.3238 67.6762 246.812 29.2327 23.9549 275.714 15.9722 8.31359 
62.4 32.2469 67.7531 246.702 29.277 24.0207 275.683 15.9902 8.32668 
62.5 32.1702 67.8298 246.592 29.3212 24.0866 275.652 16.0082 8.33986 
62.6 32.0937 67.9063 246.482 29.3655 24.1526 275.621 16.0263 8.35313 
62.7 32.0173 67.9827 246.371 29.4098 24.2188 275.589 16.0445 8.36647 
62.8 31.941 68.059 246.261 29.4541 24.2851 275.557 16.0627 8.37991 
62.9 31.8648 68.1352 246.15 29.4984 24.3515 275.526 16.081 8.39342 
63 31.7888 68.2112 246.039 29.5428 24.4181 275.494 16.0993 8.40702 
63.1 31.7129 68.2871 245.928 29.5871 24.4848 275.462 16.1177 8.42071 
63.2 31.6372 68.3628 245.817 29.6315 24.5516 275.429 16.1362 8.43448 
63.3 31.5616 68.4384 245.706 29.6759 24.6186 275.397 16.1547 8.44834 
63.4 31.4861 68.5139 245.594 29.7203 24.6857 275.364 16.1733 8.46228 
63.5 31.4107 68.5893 245.482 29.7647 24.753 275.332 16.1919 8.4763 
63.6 31.3356 68.6644 245.371 29.8091 24.8204 275.299 16.2106 8.49042 
63.7 31.2605 68.7395 245.259 29.8535 24.8879 275.266 16.2293 8.50462 
63.8 31.1856 68.8144 245.146 29.898 24.9555 275.233 16.2482 8.5189 
63.9 31.1108 68.8892 245.034 29.9424 25.0233 275.2 16.267 8.53328 
64 31.0361 68.9639 244.922 29.9869 25.0912 275.166 16.2859 8.54774 
64.1 30.9616 69.0384 244.809 30.0314 25.1593 275.133 16.3049 8.56228 
64.2 30.8873 69.1127 244.697 30.0759 25.2275 275.099 16.324 8.57692 
64.3 30.813 69.187 244.584 30.1204 25.2958 275.065 16.3431 8.59164 
64.4 30.739 69.261 244.471 30.165 25.3642 275.031 16.3622 8.60645 
64.5 30.665 69.335 244.358 30.2095 25.4328 274.997 16.3815 8.62135 
64.6 30.5912 69.4088 244.244 30.2541 25.5015 274.963 16.4007 8.63633 
64.7 30.5176 69.4824 244.131 30.2986 25.5704 274.929 16.4201 8.65141 
64.8 30.444 69.556 244.017 30.3432 25.6394 274.894 16.4395 8.66657 
64.9 30.3707 69.6293 243.904 30.3878 25.7085 274.859 16.4589 8.68182 
65 30.2974 69.7026 243.79 30.4324 25.7777 274.824 16.4785 8.69716 
65.1 30.2243 69.7757 243.676 30.477 25.8471 274.789 16.498 8.71259 
65.2 30.1514 69.8486 243.562 30.5216 25.9166 274.754 16.5177 8.72811 
65.3 30.0786 69.9214 243.447 30.5663 25.9863 274.719 16.5374 8.74372 
65.4 30.0059 69.9941 243.333 30.6109 26.056 274.683 16.5571 8.75942 
65.5 29.9334 70.0666 243.219 30.6556 26.1259 274.648 16.577 8.77521 
65.6 29.861 70.139 243.104 30.7002 26.196 274.612 16.5968 8.79108 
65.7 29.7888 70.2112 242.989 30.7449 26.2661 274.576 16.6168 8.80705 
65.8 29.7167 70.2833 242.874 30.7896 26.3364 274.54 16.6368 8.82311 
65.9 29.6448 70.3552 242.759 30.8343 26.4069 274.504 16.6568 8.83927 
66 29.573 70.427 242.644 30.879 26.4774 274.468 16.677 8.85551 
66.1 29.5013 70.4987 242.528 30.9237 26.5481 274.431 16.6971 8.87184 
66.2 29.4298 70.5702 242.413 30.9684 26.6189 274.394 16.7174 8.88827 
66.3 29.3585 70.6415 242.297 31.0132 26.6899 274.358 16.7377 8.90479 
66.4 29.2873 70.7127 242.181 31.0579 26.761 274.321 16.7581 8.9214 
66.5 29.2162 70.7838 242.065 31.1027 26.8322 274.283 16.7785 8.9381 
66.6 29.1453 70.8547 241.949 31.1474 26.9035 274.246 16.799 8.95489 
66.7 29.0746 70.9254 241.833 31.1922 26.975 274.209 16.8195 8.97178 
66.8 29.0039 70.9961 241.716 31.237 27.0466 274.171 16.8401 8.98876 
66.9 28.9335 71.0665 241.6 31.2818 27.1183 274.133 16.8608 9.00583 
67 28.8632 71.1368 241.483 31.3266 27.1902 274.095 16.8815 9.023 
67.1 28.793 71.207 241.366 31.3714 27.2622 274.057 16.9023 9.04026 
67.2 28.723 71.277 241.25 31.4162 27.3343 274.019 16.9232 9.05761 
67.3 28.6531 71.3469 241.132 31.461 27.4065 273.981 16.9441 9.07506 
67.4 28.5834 71.4166 241.015 31.5058 27.4789 273.942 16.965 9.09261 
67.5 28.5138 71.4862 240.898 31.5507 27.5514 273.904 16.9861 9.11024 
67.6 28.4444 71.5556 240.78 31.5955 27.6241 273.865 17.0072 9.12798 
67.7 28.3751 71.6249 240.663 31.6404 27.6968 273.826 17.0283 9.1458 
67.8 28.306 71.694 240.545 31.6852 27.7697 273.787 17.0495 9.16372 
67.9 28.237 71.763 240.427 31.7301 27.8427 273.747 17.0708 9.18174 
68 28.1682 71.8318 240.309 31.775 27.9159 273.708 17.0922 9.19986 
68.1 28.0995 71.9005 240.191 31.8198 27.9891 273.668 17.1136 9.21807 
68.2 28.031 71.969 240.073 31.8647 28.0625 273.629 17.135 9.23637 
68.3 27.9626 72.0374 239.954 31.9096 28.136 273.589 17.1566 9.25477 
68.4 27.8944 72.1056 239.836 31.9545 28.2097 273.549 17.1781 9.27327 
68.5 27.8264 72.1736 239.717 31.9994 28.2835 273.508 17.1998 9.29187 
68.6 27.7585 72.2415 239.598 32.0443 28.3574 273.468 17.2215 9.31056 
68.7 27.6907 72.3093 239.479 32.0892 28.4314 273.427 17.2433 9.32935 
68.8 27.6231 72.3769 239.36 32.1342 28.5056 273.387 17.2651 9.34824 
68.9 27.5557 72.4443 239.241 32.1791 28.5798 273.346 17.287 9.36722 
69 27.4884 72.5116 239.122 32.224 28.6542 273.305 17.309 9.38631 
69.1 27.4213 72.5787 239.002 32.2689 28.7288 273.264 17.331 9.40549 
69.2 27.3543 72.6457 238.883 32.3139 28.8034 273.222 17.3531 9.42477 
69.3 27.2874 72.7126 238.763 32.3588 28.8782 273.181 17.3752 9.44415 
69.4 27.2208 72.7792 238.643 32.4038 28.9531 273.139 17.3974 9.46363 
69.5 27.1542 72.8458 238.523 32.4487 29.0282 273.097 17.4197 9.4832 
69.6 27.0879 72.9121 238.403 32.4937 29.1033 273.055 17.442 9.50288 
69.7 27.0217 72.9783 238.283 32.5386 29.1786 273.013 17.4644 9.52266 
69.8 26.9556 73.0444 238.162 32.5836 29.254 272.971 17.4869 9.54253 
69.9 26.8897 73.1103 238.042 32.6286 29.3295 272.928 17.5094 9.56251 
70 26.824 73.176 237.921 32.6736 29.4052 272.885 17.532 9.58258 
70.1 26.7584 73.2416 237.801 32.7185 29.481 272.843 17.5546 9.60276 
70.2 26.693 73.307 237.68 32.7635 29.5569 272.8 17.5773 9.62304 
70.3 26.6277 73.3723 237.559 32.8085 29.6329 272.757 17.6001 9.64342 
70.4 26.5626 73.4374 237.438 32.8535 29.709 272.713 17.6229 9.6639 
70.5 26.4976 73.5024 237.316 32.8985 29.7853 272.67 17.6458 9.68448 
70.6 26.4328 73.5672 237.195 32.9435 29.8617 272.626 17.6688 9.70516 
70.7 26.3682 73.6318 237.073 32.9884 29.9382 272.582 17.6918 9.72595 
70.8 26.3037 73.6963 236.952 33.0334 30.0148 272.538 17.7148 9.74684 
70.9 26.2394 73.7606 236.83 33.0784 30.0916 272.494 17.738 9.76783 
71 26.1752 73.8248 236.708 33.1234 30.1685 272.45 17.7612 9.78892 
71.1 26.1112 73.8888 236.586 33.1684 30.2455 272.405 17.7845 9.81012 
71.2 26.0473 73.9527 236.464 33.2134 30.3226 272.361 17.8078 9.83141 
71.3 25.9836 74.0164 236.342 33.2584 30.3998 272.316 17.8312 9.85282 
71.4 25.9201 74.0799 236.219 33.3034 30.4772 272.271 17.8546 9.87432 
71.5 25.8567 74.1433 236.097 33.3485 30.5547 272.226 17.8781 9.89593 
71.6 25.7935 74.2065 235.974 33.3935 30.6323 272.181 17.9017 9.91765 
71.7 25.7304 74.2696 235.852 33.4385 30.71 272.135 17.9254 9.93947 
71.8 25.6675 74.3325 235.729 33.4835 30.7879 272.09 17.9491 9.96139 
71.9 25.6048 74.3952 235.606 33.5285 30.8658 272.044 17.9728 9.98342 
72 25.5422 74.4578 235.483 33.5735 30.9439 271.998 17.9967 10.0056 
72.1 25.4798 74.5202 235.359 33.6185 31.0221 271.952 18.0205 10.0278 
72.2 25.4175 74.5825 235.236 33.6635 31.1005 271.905 18.0445 10.0501 
72.3 25.3554 74.6446 235.113 33.7085 31.1789 271.859 18.0685 10.0726 
72.4 25.2935 74.7065 234.989 33.7535 31.2575 271.812 18.0926 10.0951 
72.5 25.2317 74.7683 234.865 33.7986 31.3362 271.765 18.1167 10.1178 
72.6 25.17 74.83 234.741 33.8436 31.415 271.718 18.1409 10.1406 
72.7 25.1086 74.8914 234.618 33.8886 31.4939 271.671 18.1652 10.1634 
72.8 25.0473 74.9527 234.493 33.9336 31.5729 271.624 18.1895 10.1864 
72.9 24.9861 75.0139 234.369 33.9786 31.6521 271.577 18.2139 10.2095 
73 24.9252 75.0748 234.245 34.0236 31.7314 271.529 18.2384 10.2327 
73.1 24.8643 75.1357 234.121 34.0686 31.8107 271.481 18.2629 10.256 
73.2 24.8037 75.1963 233.996 34.1136 31.8903 271.433 18.2875 10.2794 
73.3 24.7432 75.2568 233.872 34.1586 31.9699 271.385 18.3121 10.303 
73.4 24.6829 75.3171 233.747 34.2036 32.0496 271.337 18.3368 10.3266 
73.5 24.6227 75.3773 233.622 34.2486 32.1295 271.288 18.3616 10.3503 
73.6 24.5627 75.4373 233.497 34.2936 32.2095 271.239 18.3865 10.3742 
73.7 24.5028 75.4972 233.372 34.3386 32.2896 271.191 18.4113 10.3981 
73.8 24.4431 75.5569 233.247 34.3836 32.3698 271.141 18.4363 10.4222 
73.9 24.3836 75.6164 233.121 34.4286 32.4501 271.092 18.4613 10.4464 
74 24.3243 75.6757 232.996 34.4736 32.5305 271.043 18.4864 10.4707 
74.1 24.2651 75.7349 232.87 34.5186 32.6111 270.993 18.5116 10.4951 
74.2 24.206 75.794 232.745 34.5636 32.6918 270.944 18.5368 10.5196 
74.3 24.1471 75.8529 232.619 34.6085 32.7725 270.894 18.562 10.5442 
74.4 24.0884 75.9116 232.493 34.6535 32.8534 270.844 18.5874 10.5689 
74.5 24.0299 75.9701 232.367 34.6985 32.9345 270.793 18.6128 10.5938 
74.6 23.9715 76.0285 232.241 34.7435 33.0156 270.743 18.6382 10.6187 
74.7 23.9133 76.0867 232.115 34.7884 33.0968 270.692 18.6638 10.6438 
74.8 23.8552 76.1448 231.988 34.8334 33.1782 270.642 18.6894 10.669 
74.9 23.7973 76.2027 231.862 34.8784 33.2597 270.591 18.715 10.6943 
75 23.7396 76.2604 231.735 34.9233 33.3412 270.54 18.7407 10.7197 
75.1 23.682 76.318 231.609 34.9683 33.4229 270.488 18.7665 10.7452 
75.2 23.6246 76.3754 231.482 35.0132 33.5047 270.437 18.7923 10.7708 
75.3 23.5673 76.4327 231.355 35.0582 33.5867 270.385 18.8182 10.7965 
75.4 23.5102 76.4898 231.228 35.1031 33.6687 270.333 18.8442 10.8224 
75.5 23.4533 76.5467 231.101 35.148 33.7508 270.281 18.8702 10.8484 
75.6 23.3966 76.6034 230.974 35.193 33.8331 270.229 18.8963 10.8744 
75.7 23.34 76.66 230.847 35.2379 33.9155 270.177 18.9225 10.9006 
75.8 23.2835 76.7165 230.719 35.2828 33.998 270.124 18.9487 10.9269 
75.9 23.2273 76.7727 230.592 35.3277 34.0805 270.072 18.975 10.9534 
76 23.1712 76.8288 230.464 35.3726 34.1633 270.019 19.0013 10.9799 
76.1 23.1152 76.8848 230.336 35.4175 34.2461 269.966 19.0277 11.0066 
76.2 23.0595 76.9405 230.209 35.4624 34.329 269.912 19.0542 11.0333 
76.3 23.0038 76.9962 230.081 35.5073 34.412 269.859 19.0807 11.0602 
76.4 22.9484 77.0516 229.953 35.5522 34.4952 269.805 19.1073 11.0872 
76.5 22.8931 77.1069 229.824 35.5971 34.5784 269.752 19.134 11.1143 
76.6 22.838 77.162 229.696 35.642 34.6618 269.698 19.1607 11.1416 
76.7 22.783 77.217 229.568 35.6869 34.7453 269.644 19.1875 11.1689 
76.8 22.7282 77.2718 229.439 35.7317 34.8289 269.589 19.2143 11.1964 
76.9 22.6736 77.3264 229.311 35.7766 34.9125 269.535 19.2412 11.224 
77 22.6191 77.3809 229.182 35.8214 34.9963 269.48 19.2682 11.2517 
77.1 22.5648 77.4352 229.053 35.8663 35.0803 269.425 19.2952 11.2795 
77.2 22.5107 77.4893 228.925 35.9111 35.1643 269.37 19.3223 11.3075 
77.3 22.4567 77.5433 228.796 35.956 35.2484 269.315 19.3495 11.3355 
77.4 22.4029 77.5971 228.667 36.0008 35.3326 269.26 19.3767 11.3637 
77.5 22.3493 77.6507 228.537 36.0456 35.417 269.204 19.404 11.392 
77.6 22.2958 77.7042 228.408 36.0904 35.5014 269.148 19.4313 11.4204 
77.7 22.2425 77.7575 228.279 36.1352 35.586 269.092 19.4587 11.4489 
77.8 22.1893 77.8107 228.149 36.18 35.6707 269.036 19.4862 11.4776 
77.9 22.1363 77.8637 228.02 36.2248 35.7554 268.98 19.5137 11.5064 
78 22.0835 77.9165 227.89 36.2696 35.8403 268.923 19.5413 11.5353 
78.1 22.0308 77.9692 227.76 36.3143 35.9253 268.867 19.569 11.5643 
78.2 21.9783 78.0217 227.631 36.3591 36.0104 268.81 19.5967 11.5934 
78.3 21.926 78.074 227.501 36.4039 36.0956 268.753 19.6245 11.6227 
78.4 21.8738 78.1262 227.371 36.4486 36.1809 268.696 19.6523 11.6521 
78.5 21.8218 78.1782 227.24 36.4933 36.2663 268.638 19.6802 11.6816 
78.6 21.77 78.23 227.11 36.5381 36.3518 268.581 19.7082 11.7112 
78.7 21.7183 78.2817 226.98 36.5828 36.4374 268.523 19.7362 11.7409 
78.8 21.6668 78.3332 226.849 36.6275 36.5231 268.465 19.7643 11.7708 
78.9 21.6154 78.3846 226.719 36.6722 36.6089 268.407 19.7925 11.8008 
79 21.5642 78.4358 226.588 36.7169 36.6949 268.348 19.8207 11.8309 
79.1 21.5132 78.4868 226.458 36.7616 36.7809 268.29 19.849 11.8611 
79.2 21.4624 78.5376 226.327 36.8063 36.867 268.231 19.8773 11.8915 
79.3 21.4117 78.5883 226.196 36.8509 36.9532 268.172 19.9057 11.9219 
79.4 21.3611 78.6389 226.065 36.8956 37.0396 268.113 19.9342 11.9525 
79.5 21.3108 78.6892 225.934 36.9402 37.126 268.054 19.9627 11.9833 
79.6 21.2605 78.7395 225.803 36.9849 37.2126 267.995 19.9913 12.0141 
79.7 21.2105 78.7895 225.671 37.0295 37.2992 267.935 20.0199 12.0451 
79.8 21.1606 78.8394 225.54 37.0741 37.386 267.875 20.0487 12.0762 
79.9 21.1109 78.8891 225.408 37.1187 37.4728 267.815 20.0774 12.1074 
80 21.0614 78.9386 225.277 37.1633 37.5598 267.755 20.1063 12.1388 
80.1 21.012 78.988 225.145 37.2079 37.6468 267.695 20.1352 12.1703 
80.2 20.9627 79.0373 225.014 37.2525 37.734 267.634 20.1641 12.2019 
80.3 20.9137 79.0863 224.882 37.297 37.8212 267.573 20.1931 12.2336 
80.4 20.8648 79.1352 224.75 37.3416 37.9086 267.512 20.2222 12.2654 
80.5 20.816 79.184 224.618 37.3861 37.996 267.451 20.2514 12.2974 
80.6 20.7675 79.2325 224.486 37.4307 38.0836 267.39 20.2806 12.3295 
80.7 20.719 79.281 224.354 37.4752 38.1713 267.328 20.3098 12.3618 
80.8 20.6708 79.3292 224.221 37.5197 38.259 267.267 20.3392 12.3941 
80.9 20.6227 79.3773 224.089 37.5642 38.3469 267.205 20.3686 12.4266 
81 20.5748 79.4252 223.956 37.6087 38.4348 267.143 20.398 12.4593 
81.1 20.527 79.473 223.824 37.6532 38.5229 267.08 20.4275 12.492 
81.2 20.4794 79.5206 223.691 37.6976 38.611 267.018 20.4571 12.5249 
81.3 20.432 79.568 223.559 37.7421 38.6993 266.955 20.4867 12.5579 
81.4 20.3847 79.6153 223.426 37.7865 38.7876 266.893 20.5164 12.591 
81.5 20.3376 79.6624 223.293 37.831 38.876 266.83 20.5462 12.6243 
81.6 20.2906 79.7094 223.16 37.8754 38.9646 266.766 20.576 12.6577 
81.7 20.2438 79.7562 223.027 37.9198 39.0532 266.703 20.6059 12.6912 
81.8 20.1972 79.8028 222.894 37.9642 39.142 266.639 20.6358 12.7248 
81.9 20.1507 79.8493 222.761 38.0085 39.2308 266.576 20.6658 12.7586 
82 20.1044 79.8956 222.627 38.0529 39.3197 266.512 20.6959 12.7925 
82.1 20.0583 79.9417 222.494 38.0973 39.4087 266.447 20.726 12.8266 
82.2 20.0123 79.9877 222.361 38.1416 39.4979 266.383 20.7562 12.8608 
82.3 19.9665 80.0335 222.227 38.1859 39.5871 266.318 20.7865 12.8951 
82.4 19.9208 80.0792 222.093 38.2302 39.6764 266.254 20.8168 12.9295 
82.5 19.8753 80.1247 221.96 38.2745 39.7658 266.189 20.8471 12.9641 
82.6 19.83 80.17 221.826 38.3188 39.8553 266.124 20.8776 12.9988 
82.7 19.7848 80.2152 221.692 38.3631 39.9449 266.058 20.9081 13.0336 
82.8 19.7398 80.2602 221.558 38.4074 40.0346 265.993 20.9386 13.0686 
82.9 19.6949 80.3051 221.424 38.4516 40.1244 265.927 20.9692 13.1037 
83 19.6502 80.3498 221.29 38.4959 40.2142 265.861 20.9999 13.1389 
83.1 19.6057 80.3943 221.156 38.5401 40.3042 265.795 21.0306 13.1743 
83.2 19.5613 80.4387 221.021 38.5843 40.3943 265.729 21.0614 13.2098 
83.3 19.5171 80.4829 220.887 38.6285 40.4844 265.662 21.0923 13.2454 
83.4 19.473 80.527 220.753 38.6726 40.5747 265.596 21.1232 13.2812 
83.5 19.4291 80.5709 220.618 38.7168 40.665 265.529 21.1541 13.3171 
83.6 19.3854 80.6146 220.484 38.761 40.7555 265.462 21.1852 13.3531 
83.7 19.3418 80.6582 220.349 38.8051 40.846 265.394 21.2163 13.3893 
83.8 19.2984 80.7016 220.214 38.8492 40.9366 265.327 21.2474 13.4256 
83.9 19.2551 80.7449 220.079 38.8933 41.0273 265.259 21.2786 13.462 
84 19.212 80.788 219.944 38.9374 41.1181 265.191 21.3099 13.4986 
84.1 19.1691 80.8309 219.809 38.9815 41.209 265.123 21.3412 13.5353 
84.2 19.1263 80.8737 219.674 39.0255 41.3 265.055 21.3726 13.5722 
84.3 19.0837 80.9163 219.539 39.0696 41.3911 264.987 21.4041 13.6092 
84.4 19.0412 80.9588 219.404 39.1136 41.4823 264.918 21.4356 13.6463 
84.5 18.9989 81.0011 219.269 39.1576 41.5735 264.849 21.4672 13.6835 
84.6 18.9567 81.0433 219.133 39.2016 41.6649 264.78 21.4988 13.7209 
84.7 18.9147 81.0853 218.998 39.2456 41.7563 264.711 21.5305 13.7585 
84.8 18.8729 81.1271 218.863 39.2896 41.8478 264.642 21.5622 13.7962 
84.9 18.8312 81.1688 218.727 39.3336 41.9394 264.572 21.594 13.834 
85 18.7897 81.2103 218.591 39.3775 42.0311 264.502 21.6259 13.8719 
85.1 18.7483 81.2517 218.456 39.4214 42.1229 264.432 21.6578 13.91 
85.2 18.7071 81.2929 218.32 39.4653 42.2148 264.362 21.6898 13.9482 
85.3 18.6661 81.3339 218.184 39.5092 42.3068 264.292 21.7218 13.9866 
85.4 18.6252 81.3748 218.048 39.5531 42.3988 264.221 21.7539 14.0251 
85.5 18.5844 81.4156 217.912 39.5969 42.491 264.15 21.7861 14.0638 
85.6 18.5438 81.4562 217.776 39.6408 42.5832 264.079 21.8183 14.1025 
85.7 18.5034 81.4966 217.64 39.6846 42.6755 264.008 21.8506 14.1415 
85.8 18.4631 81.5369 217.504 39.7284 42.7679 263.937 21.8829 14.1805 
85.9 18.423 81.577 217.367 39.7722 42.8604 263.865 21.9153 14.2198 
86 18.383 81.617 217.231 39.816 42.953 263.793 21.9478 14.2591 
86.1 18.3432 81.6568 217.095 39.8597 43.0457 263.721 21.9803 14.2986 
86.2 18.3036 81.6964 216.958 39.9035 43.1384 263.649 22.0129 14.3382 
86.3 18.2641 81.7359 216.822 39.9472 43.2312 263.576 22.0455 14.378 
86.4 18.2247 81.7753 216.685 39.9909 43.3242 263.504 22.0782 14.4179 
86.5 18.1855 81.8145 216.548 40.0346 43.4172 263.431 22.1109 14.458 
86.6 18.1465 81.8535 216.411 40.0783 43.5103 263.358 22.1437 14.4982 
86.7 18.1076 81.8924 216.275 40.1219 43.6034 263.285 22.1766 14.5385 
86.8 18.0689 81.9311 216.138 40.1656 43.6967 263.211 22.2095 14.579 
86.9 18.0303 81.9697 216.001 40.2092 43.79 263.138 22.2425 14.6196 
87 17.9919 82.0081 215.864 40.2528 43.8835 263.064 22.2755 14.6604 
87.1 17.9536 82.0464 215.727 40.2964 43.977 262.99 22.3086 14.7013 
87.2 17.9155 82.0845 215.59 40.3399 44.0706 262.916 22.3418 14.7424 
87.3 17.8776 82.1224 215.452 40.3835 44.1642 262.841 22.375 14.7836 
87.4 17.8397 82.1603 215.315 40.427 44.258 262.767 22.4082 14.825 
87.5 17.8021 82.1979 215.178 40.4705 44.3518 262.692 22.4416 14.8665 
87.6 17.7646 82.2354 215.04 40.514 44.4458 262.617 22.475 14.9081 
87.7 17.7272 82.2728 214.903 40.5575 44.5398 262.542 22.5084 14.9499 
87.8 17.69 82.31 214.765 40.601 44.6338 262.466 22.5419 14.9918 
87.9 17.653 82.347 214.628 40.6444 44.728 262.391 22.5754 15.0339 
88 17.6161 82.3839 214.49 40.6878 44.8223 262.315 22.609 15.0761 
88.1 17.5793 82.4207 214.352 40.7312 44.9166 262.239 22.6427 15.1185 
88.2 17.5427 82.4573 214.214 40.7746 45.011 262.163 22.6764 15.161 
88.3 17.5063 82.4937 214.077 40.818 45.1055 262.086 22.7102 15.2037 
88.4 17.47 82.53 213.939 40.8613 45.2001 262.009 22.744 15.2465 
88.5 17.4338 82.5662 213.801 40.9046 45.2947 261.933 22.7779 15.2895 
88.6 17.3978 82.6022 213.663 40.9479 45.3894 261.856 22.8119 15.3326 
88.7 17.362 82.638 213.525 40.9912 45.4842 261.778 22.8459 15.3758 
88.8 17.3263 82.6737 213.386 41.0345 45.5791 261.701 22.8799 15.4192 
88.9 17.2907 82.7093 213.248 41.0778 45.6741 261.623 22.9141 15.4628 
89 17.2553 82.7447 213.11 41.121 45.7691 261.545 22.9482 15.5065 
89.1 17.2201 82.7799 212.972 41.1642 45.8643 261.467 22.9825 15.5504 
89.2 17.1849 82.8151 212.833 41.2074 45.9595 261.389 23.0167 15.5944 
89.3 17.15 82.85 212.695 41.2506 46.0547 261.31 23.0511 15.6385 
89.4 17.1152 82.8848 212.556 41.2937 46.1501 261.232 23.0855 15.6828 
89.5 17.0805 82.9195 212.418 41.3368 46.2455 261.153 23.1199 15.7273 
89.6 17.046 82.954 212.279 41.38 46.3411 261.074 23.1544 15.7719 
89.7 17.0116 82.9884 212.14 41.423 46.4366 260.994 23.189 15.8166 
89.8 16.9774 83.0226 212.002 41.4661 46.5323 260.915 23.2236 15.8615 
89.9 16.9433 83.0567 211.863 41.5092 46.628 260.835 23.2583 15.9066 
90 16.9094 83.0906 211.724 41.5522 46.7239 260.755 23.293 15.9518 
90.1 16.8756 83.1244 211.585 41.5952 46.8198 260.675 23.3278 15.9972 
90.2 16.842 83.158 211.446 41.6382 46.9157 260.595 23.3627 16.0427 
90.3 16.8085 83.1915 211.307 41.6812 47.0118 260.514 23.3976 16.0883 
90.4 16.7751 83.2249 211.168 41.7241 47.1079 260.433 23.4325 16.1342 
90.5 16.7419 83.2581 211.029 41.767 47.2041 260.352 23.4675 16.1801 
90.6 16.7088 83.2912 210.89 41.81 47.3003 260.271 23.5026 16.2263 
90.7 16.6759 83.3241 210.75 41.8528 47.3967 260.19 23.5377 16.2725 
90.8 16.6432 83.3568 210.611 41.8957 47.4931 260.108 23.5728 16.319 
90.9 16.6105 83.3895 210.472 41.9386 47.5896 260.026 23.6081 16.3655 
91 16.578 83.422 210.332 41.9814 47.6862 259.944 23.6433 16.4123 
91.1 16.5457 83.4543 210.193 42.0242 47.7828 259.862 23.6787 16.4592 
91.2 16.5135 83.4865 210.054 42.067 47.8795 259.78 23.7141 16.5062 
91.3 16.4814 83.5186 209.914 42.1097 47.9763 259.697 23.7495 16.5534 
91.4 16.4495 83.5505 209.774 42.1525 48.0731 259.614 23.785 16.6008 
91.5 16.4177 83.5823 209.635 42.1952 48.1701 259.531 23.8205 16.6483 
91.6 16.3861 83.6139 209.495 42.2379 48.2671 259.448 23.8561 16.696 
91.7 16.3546 83.6454 209.355 42.2806 48.3641 259.364 23.8918 16.7438 
91.8 16.3233 83.6767 209.215 42.3232 48.4613 259.281 23.9275 16.7918 
91.9 16.2921 83.7079 209.076 42.3658 48.5585 259.197 23.9633 16.8399 
92 16.261 83.739 208.936 42.4085 48.6558 259.113 23.9991 16.8882 
92.1 16.2301 83.7699 208.796 42.451 48.7531 259.028 24.0349 16.9367 
92.2 16.1993 83.8007 208.656 42.4936 48.8506 258.944 24.0709 16.9853 
92.3 16.1686 83.8314 208.516 42.5362 48.9481 258.859 24.1068 17.034 
92.4 16.1381 83.8619 208.376 42.5787 49.0456 258.774 24.1429 17.083 
92.5 16.1078 83.8922 208.236 42.6212 49.1433 258.689 24.1789 17.1321 
92.6 16.0775 83.9225 208.095 42.6637 49.241 258.604 24.2151 17.1813 
92.7 16.0474 83.9526 207.955 42.7061 49.3388 258.518 24.2513 17.2307 
92.8 16.0175 83.9825 207.815 42.7486 49.4366 258.432 24.2875 17.2802 
92.9 15.9877 84.0123 207.675 42.791 49.5345 258.346 24.3238 17.33 
93 15.958 84.042 207.534 42.8334 49.6325 258.26 24.3601 17.3798 
93.1 15.9285 84.0715 207.394 42.8757 49.7306 258.174 24.3965 17.4299 
93.2 15.8991 84.1009 207.253 42.9181 49.8287 258.087 24.433 17.4801 
93.3 15.8698 84.1302 207.113 42.9604 49.9269 258 24.4695 17.5304 
93.4 15.8407 84.1593 206.972 43.0027 50.0251 257.913 24.506 17.581 
93.5 15.8117 84.1883 206.832 43.045 50.1234 257.826 24.5426 17.6316 
93.6 15.7828 84.2172 206.691 43.0872 50.2218 257.738 24.5793 17.6825 
93.7 15.7541 84.2459 206.55 43.1294 50.3203 257.651 24.616 17.7335 
93.8 15.7255 84.2745 206.41 43.1717 50.4188 257.563 24.6527 17.7846 
93.9 15.6971 84.3029 206.269 43.2138 50.5174 257.475 24.6895 17.836 
94 15.6688 84.3312 206.128 43.256 50.6161 257.386 24.7264 17.8874 
94.1 15.6406 84.3594 205.987 43.2981 50.7148 257.298 24.7633 17.9391 
94.2 15.6125 84.3875 205.846 43.3403 50.8136 257.209 24.8003 17.9909 
94.3 15.5846 84.4154 205.705 43.3823 50.9124 257.12 24.8373 18.0429 
94.4 15.5568 84.4432 205.564 43.4244 51.0113 257.031 24.8743 18.095 
94.5 15.5292 84.4708 205.423 43.4665 51.1103 256.941 24.9115 18.1473 
94.6 15.5017 84.4983 205.282 43.5085 51.2094 256.852 24.9486 18.1998 
94.7 15.4743 84.5257 205.141 43.5505 51.3085 256.762 24.9858 18.2524 
94.8 15.4471 84.5529 205 43.5925 51.4076 256.672 25.0231 18.3052 
94.9 15.4199 84.5801 204.859 43.6344 51.5069 256.581 25.0604 18.3581 
95 15.393 84.607 204.717 43.6763 51.6062 256.491 25.0978 18.4112 
95.1 15.3661 84.6339 204.576 43.7182 51.7056 256.4 25.1352 18.4645 
95.2 15.3394 84.6606 204.435 43.7601 51.805 256.309 25.1727 18.518 
95.3 15.3128 84.6872 204.294 43.802 51.9045 256.218 25.2102 18.5716 
95.4 15.2863 84.7137 204.152 43.8438 52.004 256.127 25.2478 18.6254 
95.5 15.26 84.74 204.011 43.8856 52.1037 256.035 25.2854 18.6793 
95.6 15.2338 84.7662 203.869 43.9274 52.2033 255.944 25.323 18.7334 
95.7 15.2077 84.7923 203.728 43.9691 52.3031 255.852 25.3607 18.7877 
95.8 15.1818 84.8182 203.586 44.0109 52.4029 255.759 25.3985 18.8421 
95.9 15.156 84.844 203.445 44.0526 52.5028 255.667 25.4363 18.8967 
96 15.1303 84.8697 203.303 44.0943 52.6027 255.574 25.4742 18.9515 
96.1 15.1047 84.8953 203.161 44.1359 52.7027 255.481 25.5121 19.0065 
96.2 15.0793 84.9207 203.02 44.1776 52.8027 255.388 25.5501 19.0616 
96.3 15.054 84.946 202.878 44.2192 52.9028 255.295 25.5881 19.1169 
96.4 15.0289 84.9711 202.736 44.2608 53.003 255.202 25.6261 19.1723 
96.5 15.0038 84.9962 202.594 44.3023 53.1032 255.108 25.6642 19.2279 
96.6 14.9789 85.0211 202.453 44.3439 53.2035 255.014 25.7024 19.2837 
96.7 14.9541 85.0459 202.311 44.3854 53.3039 254.92 25.7406 19.3397 
96.8 14.9294 85.0706 202.169 44.4269 53.4043 254.825 25.7788 19.3958 
96.9 14.9049 85.0951 202.027 44.4683 53.5048 254.731 25.8171 19.4521 
97 14.8805 85.1195 201.885 44.5098 53.6053 254.636 25.8555 19.5085 
97.1 14.8562 85.1438 201.743 44.5512 53.7059 254.541 25.8939 19.5652 
97.2 14.832 85.168 201.601 44.5926 53.8065 254.446 25.9323 19.622 
97.3 14.808 85.192 201.459 44.634 53.9072 254.35 25.9708 19.6789 
97.4 14.7841 85.2159 201.317 44.6753 54.008 254.255 26.0094 19.7361 
97.5 14.7603 85.2397 201.175 44.7166 54.1088 254.159 26.0479 19.7934 
97.6 14.7366 85.2634 201.032 44.7579 54.2097 254.063 26.0866 19.8509 
97.7 14.7131 85.2869 200.89 44.7992 54.3106 253.966 26.1253 19.9085 
97.8 14.6897 85.3103 200.748 44.8404 54.4116 253.87 26.164 19.9663 
97.9 14.6664 85.3336 200.606 44.8816 54.5127 253.773 26.2028 20.0243 
98 14.6432 85.3568 200.463 44.9228 54.6138 253.676 26.2416 20.0825 
98.1 14.6201 85.3799 200.321 44.964 54.715 253.579 26.2804 20.1408 
98.2 14.5972 85.4028 200.179 45.0051 54.8162 253.481 26.3194 20.1993 
98.3 14.5744 85.4256 200.036 45.0462 54.9174 253.384 26.3583 20.258 
98.4 14.5517 85.4483 199.894 45.0873 55.0188 253.286 26.3973 20.3169 
98.5 14.5291 85.4709 199.751 45.1283 55.1202 253.188 26.4364 20.3759 
98.6 14.5067 85.4933 199.609 45.1694 55.2216 253.089 26.4755 20.4351 
98.7 14.4844 85.5156 199.467 45.2104 55.3231 252.991 26.5146 20.4945 
98.8 14.4622 85.5378 199.324 45.2514 55.4247 252.892 26.5538 20.5541 
98.9 14.4401 85.5599 199.181 45.2923 55.5263 252.793 26.593 20.6138 
99 14.4181 85.5819 199.039 45.3333 55.6279 252.694 26.6323 20.6737 
99.1 14.3962 85.6038 198.896 45.3742 55.7297 252.595 26.6717 20.7338 
99.2 14.3745 85.6255 198.754 45.415 55.8314 252.495 26.711 20.794 
99.3 14.3529 85.6471 198.611 45.4559 55.9332 252.395 26.7504 20.8544 
99.4 14.3314 85.6686 198.468 45.4967 56.0351 252.295 26.7899 20.915 
99.5 14.31 85.69 198.325 45.5375 56.1371 252.195 26.8294 20.9758 
99.6 14.2888 85.7112 198.183 45.5783 56.239 252.094 26.869 21.0368 
99.7 14.2676 85.7324 198.04 45.619 56.3411 251.994 26.9086 21.0979 
99.8 14.2466 85.7534 197.897 45.6598 56.4432 251.893 26.9482 21.1592 
99.9 14.2257 85.7743 197.754 45.7005 56.5453 251.791 26.9879 21.2207 
100 14.2049 85.7951 197.611 45.7411 56.6475 251.69 27.0276 21.2823 
##CONCENTRATIONS
#t MKKK MKKK_P MKK MKK_P MKK_PP MAPK MAPK_P MAPK_PP 


